9.970975320492513339e-01
9.970869980746592809e-01
9.970732990394064466e-01
9.970563682954347584e-01
9.970361200959390047e-01
9.970124490829255226e-01
9.969852296576143802e-01
9.969543152300405220e-01
9.969195373435304486e-01
9.968807046690087992e-01
9.968376018633589020e-01
9.967899882853006321e-01
9.967375965614539979e-01
9.966801309944349763e-01
9.966172658039665899e-01
9.965486431910934861e-01
9.964738712146413713e-01
9.963925214680852127e-01
9.944466368543031232e-01
9.944932949552124368e-01
9.945401573498384717e-01
9.945876093897483283e-01
9.946359779236908505e-01
9.946855337752680271e-01
9.947364939448080090e-01
9.947890235481396948e-01
9.948432375035564101e-01
9.948992019769249406e-01
9.949569355935697912e-01
9.950164104242872343e-01
9.950775527515960395e-01
9.951402436210928792e-01
9.952043191815881373e-01
9.952695708164960298e-01
9.953357450677802198e-01
9.793531860540577449e-01
9.792363456367100261e-01
9.790253868792841985e-01
9.787168205012787281e-01
9.783062100639705605e-01
9.777881611542509344e-01
9.937222733907081773e-01
9.937068944826435990e-01
9.959814498172550046e-01
9.962435933569201429e-01
9.964856102011038219e-01
9.967083086732863029e-01
9.946220539678024553e-01
9.945052860382401771e-01
9.943622376391001438e-01
9.965229363629757309e-01
9.966697233923297317e-01
9.967957584818919470e-01
9.969014135776916863e-01
9.969869848257676415e-01
9.953711930652751061e-01
9.957104880096852018e-01
9.977331903929683721e-01
9.977441706299092772e-01
9.954477286309577622e-01
9.951085564807455874e-01
9.947280236208870807e-01
9.943027493932254934e-01
9.938290998270760124e-01
9.933031717648614922e-01
9.951306445108598631e-01
9.949374506445354260e-01
9.931355966132395796e-01
9.932903150669473158e-01
9.934143506290012970e-01
9.935101482578545529e-01
9.952033987615597210e-01
9.948772815643505130e-01
9.945214181674280063e-01
9.941342996632813733e-01
9.937142808034811203e-01
9.916861975316267896e-01
9.764708117944292942e-01
9.770541741583379514e-01
9.775446223957307001e-01
9.779484011839637558e-01
9.782709037453650724e-01
9.785166881527256333e-01
9.943739544126087848e-01
9.942880395850088870e-01
9.785040072791019172e-01
9.785936190579361815e-01
9.786182724785277287e-01
9.785790733956815091e-01
9.784763491360427556e-01
9.944095811799577023e-01
9.944045067464187815e-01
9.964578985051285587e-01
9.945399585279702803e-01
9.945449236927756953e-01
9.944799553185597052e-01
9.943446934575487228e-01
9.941383398073553312e-01
9.941035444891307415e-01
9.940724594055546648e-01
9.940452811537957567e-01
9.940221807908758977e-01
9.940033047885070694e-01
9.958860419602112435e-01
9.957589786110547792e-01
9.956133943954141863e-01
9.935973202970467266e-01
9.935759306018927539e-01
9.935580877096884533e-01
9.935438543112534715e-01
9.935332673883306986e-01
9.935263389226368647e-01
9.935230565300459116e-01
9.935233840242045922e-01
9.935272619134785099e-01
9.777926240451584317e-01
9.779354628878773603e-01
9.780277367312701919e-01
9.780690045981674796e-01
9.780581344583723080e-01
9.779933014913023692e-01
9.778719836521014841e-01
9.776909545910573707e-01
9.774462739967665348e-01
9.771332754564828749e-01
9.767465519533483631e-01
9.762799391506642444e-01
9.757264966489523905e-01
9.750784874433240379e-01
9.910931250085928124e-01
9.911886770118570888e-01
9.912507094982792033e-01
9.912774021573534933e-01
9.912667675196217276e-01
9.912166435195027825e-01
9.911246852656786510e-01
9.909883559948889920e-01
9.908049171844784953e-01
9.930548263831752154e-01
9.932714885736682042e-01
9.919243697873765253e-01
9.924926916830671964e-01
9.929950190935112886e-01
9.934361324474846322e-01
9.938205039797526341e-01
9.941523159156241407e-01
9.944354776522440487e-01
9.946736419447544941e-01
9.948702201123954536e-01
9.967309412384133260e-01
9.965757083245225800e-01
9.940949059862487225e-01
9.935592407999107589e-01
9.929721596831190267e-01
9.923300221038480196e-01
9.916289339493278288e-01
9.908647318745263943e-01
9.924525775911933190e-01
9.904552984423363737e-01
9.904064380379234978e-01
9.903240139558201482e-01
9.902107637722759037e-01
9.900692514430380342e-01
9.899018780802707473e-01
9.897108920057161585e-01
9.894983981154980013e-01
9.892663665913961069e-01
9.890166409925750246e-01
9.887509457606376007e-01
9.884708931696456480e-01
9.881779897513258692e-01
9.878736422242162529e-01
9.875591629539478555e-01
9.872357749702604934e-01
9.869046165647459290e-01
9.865667454916893231e-01
9.862231427927551364e-01
9.858747162646915863e-01
9.855223035876128357e-01
9.851666751299035241e-01
9.694840495782982570e-01
9.695461100275652999e-01
9.695628062321788310e-01
9.695376076079357253e-01
9.694732602440594427e-01
9.693717964268403486e-01
9.692345412866725241e-01
9.690621165147715876e-01
9.688544411155683989e-01
9.686107291793354390e-01
9.683294846779281206e-01
9.680084933055040919e-01
9.676448114066298345e-01
9.672347520572099899e-01
9.831222912635524391e-01
9.832508259825070152e-01
9.833792687992716219e-01
9.835070259032626661e-01
9.836334192479605498e-01
9.837576825870849584e-01
9.838789570615495972e-01
9.862793781891471268e-01
9.849955284967001345e-01
9.702591326720989562e-01
9.179737027272870664e-01
9.182408247132406443e-01
9.177068819027054403e-01
9.703937343863090481e-01
9.694058802249212459e-01
9.681389200350141166e-01
9.665859369832735526e-01
9.647385573873271669e-01
9.625869693685848993e-01
9.601199478354828232e-01
9.742057164455515395e-01
9.751212175803403159e-01
9.727126880768943717e-01
9.578454670908508328e-01
9.585045742948458125e-01
9.591045078551476699e-01
9.596535932214488307e-01
9.601594259192935965e-01
9.606289052203176304e-01
9.610682662576147672e-01
9.614831104015908458e-01
9.618784337571760767e-01
9.622586536809354385e-01
9.626276332474811293e-01
9.629887036195802219e-01
9.633446842962929413e-01
9.636979012291096991e-01
9.640502028080705221e-01
9.644029737288104531e-01
9.647571467579100224e-01
9.651132124183210426e-01
9.654712266193594683e-01
9.658308162572110112e-01
9.661911828124002399e-01
9.665511039705023677e-01
9.669089332918716639e-01
9.672625979554974052e-01
9.676095946016216587e-01
9.679469832976299593e-01
9.145337709340159993e-01
9.140781470123380270e-01
9.133410483780667333e-01
9.123080444628647312e-01
9.109621532483643813e-01
9.092839009657430749e-01
9.620026272505822762e-01
9.617028358566264146e-01
9.612829509173719256e-01
9.607296930949196234e-01
9.600289665160045560e-01
9.591658308367452257e-01
9.581244758270561768e-01
9.568881993415441212e-01
9.728091024571806633e-01
9.758226781826712104e-01
9.767262026702550060e-01
9.774725684412077786e-01
9.780646813941558104e-01
9.785049873067079851e-01
9.787954798340449125e-01
9.789377071630283034e-01
9.789327772597757882e-01
9.787813616654056359e-01
9.756693358198282873e-01
9.771728027478178147e-01
9.754791708303951481e-01
9.615746802667745063e-01
9.630759888170804528e-01
9.643625593201243795e-01
9.654517977417960140e-01
9.807921002248063402e-01
9.803070424269424432e-01
9.810241588465553608e-01
9.796685374740584651e-01
9.782013356693941564e-01
9.753706658822171027e-01
9.601166233836949671e-01
9.092374308390360760e-01
9.107609698808482035e-01
9.119114967437693675e-01
9.127073229577552516e-01
9.131640818633538492e-01
9.132946571872445629e-01
9.131091328691686160e-01
9.126147612127086806e-01
9.118159472008233735e-01
9.107142475946535809e-01
9.093083842154204843e-01
9.075942715908112968e-01
9.595564513866045031e-01
9.586656438583142092e-01
9.742664200196357038e-01
9.766298155286209370e-01
9.769972827212032307e-01
9.773243526601076425e-01
9.776138976578661044e-01
9.762811652360140480e-01
9.768108134922525165e-01
9.772519995083250866e-01
9.624304254870346131e-01
9.629759189941029529e-01
9.632249651026081327e-01
9.631799161348114646e-01
9.628416252937883613e-01
9.622094505650234941e-01
9.612812619477737464e-01
9.600534520332312249e-01
9.585209501763819473e-01
9.566772407379142695e-01
9.545143861027269860e-01
9.520230554132902423e-01
9.657185929989164919e-01
9.637797278740104501e-01
9.617106954912443273e-01
9.620266183908737778e-01
9.590180586223235881e-01
9.578956450350730734e-01
9.567356258688813897e-01
9.555380435745837175e-01
9.543026803567543626e-01
9.530290557495504356e-01
9.517164229916352802e-01
9.362913722414764051e-01
9.360976952332749068e-01
9.358853187853614086e-01
9.356615327511887958e-01
9.354330469060267994e-01
9.352060248601503645e-01
9.349861162018864302e-01
9.347784868293098626e-01
9.345878474538498182e-01
9.344184802786823507e-01
9.342742638702731250e-01
9.341586962534100813e-01
9.340749162690805685e-01
9.340257232410799082e-01
9.340135950017114386e-01
9.340407043296807821e-01
9.341089338546343379e-01
9.342198894829893963e-01
9.343749123989675276e-01
9.345750896932744078e-01
8.837749158224037505e-01
8.842634552419861294e-01
8.846485326615095568e-01
8.849278772499118428e-01
8.850970024875806086e-01
8.851491963366878712e-01
8.850755095160250940e-01
8.848647429531651953e-01
8.845034359162683435e-01
8.839758567809310463e-01
8.832639988683643750e-01
8.823475843022099419e-01
8.812040793721251930e-01
8.798087254592440454e-01
9.317112054458788206e-01
9.491593520781580473e-01
9.513115318549981714e-01
9.533490876634098665e-01
9.552722512149615097e-01
9.570807779735982512e-01
9.587739499942081745e-01
9.630801494598073553e-01
9.641647615152517670e-01
9.669804388428272501e-01
9.696113962741160774e-01
9.720674925667410760e-01
9.743580860647069741e-01
9.764920521298680045e-01
9.784778016161529424e-01
9.803233000219856441e-01
9.820360870139305254e-01
9.836232960654153201e-01
9.850916739989012960e-01
9.864476002586859416e-01
9.876971057751141592e-01
9.888458913099184011e-01
9.898993451971653812e-01
9.908625604153357136e-01
9.917403509438578180e-01
9.941499712766375119e-01
9.945185761666681667e-01
9.948337569027546623e-01
9.950955549322670901e-01
9.953039179587419572e-01
9.954586998932565267e-01
9.955596602719987143e-01
9.956064631373451324e-01
9.955986753777582576e-01
9.939336998224930220e-01
9.941973106561382556e-01
9.944017293907092547e-01
9.961929877215558449e-01
9.959406506201480269e-01
9.956365977232501940e-01
9.952798224761333357e-01
9.948692156961530531e-01
9.944035595552925821e-01
9.938815209967079012e-01
9.933016445623435997e-01
9.910885868448113811e-01
9.908131987105740501e-01
9.904913291047482415e-01
9.901252892212084600e-01
9.897172554358463215e-01
9.892692749563705146e-01
9.887832709203645543e-01
9.882610469611188275e-01
9.877042912592867152e-01
9.871145800968323947e-01
9.864933809280468369e-01
9.858420549806578004e-01
9.851618593982358618e-01
9.844539489332303495e-01
9.837193771980816681e-01
9.829590974799116143e-01
9.821739631223529443e-01
9.813647274761149175e-01
9.805320434179015665e-01
9.796764624353150319e-01
9.787984332733918880e-01
9.778983001364264238e-01
9.769763004367568726e-01
9.760325620802032809e-01
9.750671002758998229e-01
9.740798138563099284e-01
9.581793168645296177e-01
9.578734150732585162e-01
9.575515503846250276e-01
9.572191405270178421e-01
9.568810914437725357e-01
9.565418178356267509e-01
9.562052617808566302e-01
9.558749094096564702e-01
9.555538056173275008e-01
9.552445668064323270e-01
9.549493916516311742e-01
9.022274691596330332e-01
9.018122481127761603e-01
9.011909970880223053e-01
9.003608780508601805e-01
8.993164654550820369e-01
8.980497630561898870e-01
8.965502279089708759e-01
9.484387572517666287e-01
9.481330165458148329e-01
9.643335602077214297e-01
9.650589573792055509e-01
9.657582809429332560e-01
9.664321812157808944e-01
9.670810851304088018e-01
9.701621028427274140e-01
9.712459901027075126e-01
9.722747071646720141e-01
9.732519012434125427e-01
9.741809620679335868e-01
9.750650382692080953e-01
9.759070528615882978e-01
9.767097178367789567e-01
9.751141449639644243e-01
9.778274041337784439e-01
9.785523584890030158e-01
9.792452161220647211e-01
9.799078900206120712e-01
9.805421447643064559e-01
9.811496059492472721e-01
9.817317689345689269e-01
9.822900069420933411e-01
9.828255785390278554e-01
9.833396345325898791e-01
9.838332243041333358e-01
9.843073016089264327e-01
9.847627298661801865e-01
9.852002869623078807e-01
9.856206695887201885e-01
9.860244971337391862e-01
9.864123151464716521e-01
9.867845983887243433e-01
9.871417534892766854e-01
9.874841212130593959e-01
9.878119783560189715e-01
9.864284482899708939e-01
9.869779104658019664e-01
9.720798044952663197e-01
9.728077136764550215e-01
9.733426796350389543e-01
9.736878532767567762e-01
9.738452019598032861e-01
9.738155088905324774e-01
9.896813240768919107e-01
9.896523425728549483e-01
9.895945910933559020e-01
9.895072886210460883e-01
9.893894890404476561e-01
9.892400751298536798e-01
9.890577516922892665e-01
9.910364078754427819e-01
9.892429521391968850e-01
9.894223788031787370e-01
9.895937521528141989e-01
9.897580663659730771e-01
9.899161792162336493e-01
9.900688178644352355e-01
9.902165839486432031e-01
9.903599579958628496e-01
9.904993031762011624e-01
9.906348684174942631e-01
9.907667908956824254e-01
9.908950979134572012e-01
9.910197081769257510e-01
9.911404324772562502e-01
9.912569737814733717e-01
9.913689267337852939e-01
9.914757765660525690e-01
9.936279158915721776e-01
9.937901808590293706e-01
9.939495784678952228e-01
9.941061840474145761e-01
9.942600671037510329e-01
9.944112917289824605e-01
9.925232693513562632e-01
9.926163895818306271e-01
9.927010628311433438e-01
9.927763981213771904e-01
9.928413769042533366e-01
9.928948487843556325e-01
9.929355265464570035e-01
9.951141048214342533e-01
9.952964951835490126e-01
9.954726348454814300e-01
9.956425927912267992e-01
9.958064209295691693e-01
9.959641543919643958e-01
9.961158117310858762e-01
9.962613950211077762e-01
9.964008898602424447e-01
9.965342652754779484e-01
9.966614735289052174e-01
9.967824498244471920e-01
9.968971119132412628e-01
9.970053595953315417e-01
9.971070741147408656e-01
9.972021174443822522e-01
9.972903314566390343e-01
9.973715369748001880e-01
9.974455326998652449e-01
9.975120940065368424e-01
9.975709716014928841e-01
9.976218900362725517e-01
9.976645460663228215e-01
9.976986068469151370e-01
9.977237079557785826e-01
9.977394512313836339e-01
9.977454024148491030e-01
9.977410885824518072e-01
9.977259953546554483e-01
9.976995638664811761e-01
9.976611874828933413e-01
9.958404785339943777e-01
9.959986065502918207e-01
9.961415773212557445e-01
9.962706268279760691e-01
9.963869044300274203e-01
9.964914780119400461e-01
9.965853387393696083e-01
9.966694054485494281e-01
9.967445286911622571e-01
9.968114944553299051e-01
9.968710275820340527e-01
9.969237948949022377e-01
9.969704080599852691e-01
9.970114261908489262e-01
9.970473582130833234e-01
9.970786650011111973e-01
9.971057612990325003e-01
9.971290174361155945e-01
9.971487608464618679e-01
9.971652774013268772e-01
9.971788125615632659e-01
9.971895723566620573e-01
9.971977241959113503e-01
9.972033975162545305e-01
9.972066842705084033e-01
9.972076392586977089e-01
9.972062803043747481e-01
9.972025882769068872e-01
9.971965069598313081e-01
9.992089346970622898e-01
9.992145485099835911e-01
9.992117854993918247e-01
9.992006422701795731e-01
9.991810647000038959e-01
9.991529476145235567e-01
9.991161341609795521e-01
9.971244984788877330e-01
9.971285205471071000e-01
9.971300186592932935e-01
9.971290068355599390e-01
9.971254631544810287e-01
9.971193302063217079e-01
9.971105154020185601e-01
9.970988911399109034e-01
9.970842948314266874e-01
9.970665287860966952e-01
9.970453599554713886e-01
9.970205195347058291e-01
9.969917024197549882e-01
9.969585665173047451e-01
9.969207319037272086e-01
9.968777798284976788e-01
9.968292515566388179e-01
9.967746470438765272e-01
9.967134234372589940e-01
9.966449933930671135e-01
9.965687232028478393e-01
9.802413646776004796e-01
9.797766779154299943e-01
9.791933281486855378e-01
9.784861106153596166e-01
9.942144653028694989e-01
9.939762695232103873e-01
9.937124677606423706e-01
9.934211347681690674e-01
9.931002145306654372e-01
9.927475114140354995e-01
9.947107749179239233e-01
9.946600582464661944e-01
9.945856126735734826e-01
9.944881238584099004e-01
9.943681897103396894e-01
9.942263237949662269e-01
9.940629582679502141e-01
9.938784463505352385e-01
9.936730643586993983e-01
9.917792744514920544e-01
9.918408206548812167e-01
9.918732849024523013e-01
9.918793856442600365e-01
9.918616440587683103e-01
9.935777313887226292e-01
9.932930928429567485e-01
9.929952528935671596e-01
9.926839962425805242e-01
9.923590652590671413e-01
9.920201584864420941e-01
9.899312267708785251e-01
9.898116882672997052e-01
9.896793754141433030e-01
9.895360284528482708e-01
9.893832629649275123e-01
9.892225771073879237e-01
9.890553582606465000e-01
9.888828891182860348e-01
9.887063532461682902e-01
9.885268401365088220e-01
9.883453497805971821e-01
9.881627967818821245e-01
9.879800140291833399e-01
9.877977559478373637e-01
9.876167013446217613e-01
9.874374558603721264e-01
9.872605540422697556e-01
9.870864610458744970e-01
9.869155739750677947e-01
9.867482228661879073e-01
9.865846713207599983e-01
9.864251167893414163e-01
9.862696905071426379e-01
9.861184570801874161e-01
9.859714137189149463e-01
9.858284891142136130e-01
9.856895419489750676e-01
9.855543590363277096e-01
9.854226530737471013e-01
9.852940600002778604e-01
9.851681359420857431e-01
9.850443537295300311e-01
9.849220989668905357e-01
9.848006656337957576e-01
9.868161138313306102e-01
9.868530413333969076e-01
9.868853512599977673e-01
9.869133713299146349e-01
9.869374042156635607e-01
9.869577293231718285e-01
9.869746044344384073e-01
9.869882672225748221e-01
9.869989366479249293e-01
9.870068142433153779e-01
9.870120852958689239e-01
9.870149199322328926e-01
9.870154741135385157e-01
9.870138905458842871e-01
9.870102995116656341e-01
9.870048196266082430e-01
9.869975585269423757e-01
9.869886134907467357e-01
9.869780719971043004e-01
9.869660122263551605e-01
9.869525035043784644e-01
9.869376066935129366e-01
9.869213745324021403e-01
9.869038519267553378e-01
9.868850761927188131e-01
9.868650772542685301e-01
9.868438777957674324e-01
9.868214933705519165e-01
9.849102746280685716e-01
9.849425433274781039e-01
9.849451633992728494e-01
9.849184903741037278e-01
9.848627309193360713e-01
9.847779445896270856e-01
9.846640448119489131e-01
9.845207991094410138e-01
9.843478285656805937e-01
9.841446065281546085e-01
9.839104565469727337e-01
9.836445495421429763e-01
9.833459001901200258e-01
9.830133625178431034e-01
9.826456246901266178e-01
9.822412029741263151e-01
9.817984348626951352e-01
9.813154713368361648e-01
9.807902682462192878e-01
9.802205767859322183e-01
9.796039330473690354e-01
9.789376466215304884e-01
9.805052454771332471e-01
9.800960335700096282e-01
9.796712419293588381e-01
9.792302268426207323e-01
9.787722651732461143e-01
9.782965503478386893e-01
9.778021878854357141e-01
9.772881904489124638e-01
9.767534723967565835e-01
9.761968438117731850e-01
9.756170039816646211e-01
9.750125343048936521e-01
9.743818905938332886e-01
9.737233947459495997e-01
9.730352257527054016e-01
9.707888116723314420e-01
9.704806521989297607e-01
9.701658227755458608e-01
9.698453322427605938e-01
9.695200579267222452e-01
9.691907504931733808e-01
9.688580381386404650e-01
9.685224301389188106e-01
9.681843197723669636e-01
9.678439866329059393e-01
9.675015983449666290e-01
9.671572116899661564e-01
9.668107731512569636e-01
9.664621188818331987e-01
9.661109740964601844e-01
9.509935886746112566e-01
9.513514260838366043e-01
9.517001971269480887e-01
9.520437736019852215e-01
9.523854566601684946e-01
9.527279958296535067e-01
9.530736055856652289e-01
9.012905707871994299e-01
9.016746499998763431e-01
9.018154382590790608e-01
9.017091252862150519e-01
9.013491556319320752e-01
9.007262411468724972e-01
8.998283843572240093e-01
8.986409149123957274e-01
8.971465419905584326e-01
9.493214211071289155e-01
9.492117520280014542e-01
9.658144203933034522e-01
9.694763049375785258e-01
9.711122995537819769e-01
9.726618583154880149e-01
9.741286144430671978e-01
9.729611832880453726e-01
9.736820180273920711e-01
9.743400767431541487e-01
9.775161317261744642e-01
9.773093564765344965e-01
9.789412962069532487e-01
9.804638205615638924e-01
9.818834319042814007e-01
9.832062540642321213e-01
9.844380528072906866e-01
9.855842556734305537e-01
9.866499711070236822e-01
9.891811296897453643e-01
9.881468058937099563e-01
9.890217393738049978e-01
9.898317084416564660e-01
9.905806117666239308e-01
9.912721208559721608e-01
9.935440259709297228e-01
9.937949274184382231e-01
9.940109072645256783e-01
9.941914361472993233e-01
9.943358877143919639e-01
9.944435352488033564e-01
9.945135477448255878e-01
9.929390248080662840e-01
9.933093404283992456e-01
9.936381096262232315e-01
9.939278237207009870e-01
9.941808324049264955e-01
9.943993523067391482e-01
9.945854749697253805e-01
9.947411742839988857e-01
9.948683133956355285e-01
9.949686511227675556e-01
9.950438479053017593e-01
9.950954713141019203e-01
9.951250011442508425e-01
9.951338341157474066e-01
9.951232882036846750e-01
9.950946066186410199e-01
9.950489614566917496e-01
9.949874570371232130e-01
9.949111329446360674e-01
9.948209667915297594e-01
9.947178767141011679e-01
9.946027236162496843e-01
9.944763131720733007e-01
9.943393975980557853e-01
9.941926772042882776e-01
9.940368017330427630e-01
9.938723714919032171e-01
9.936999382875840725e-01
9.935200061655008463e-01
9.933330319591066049e-01
9.931394256519840980e-01
9.929395505546583234e-01
9.927337232970753211e-01
9.925222136366915748e-01
9.923052440811036545e-01
9.920829893231297714e-01
9.918555754852420581e-01
9.916230791692104418e-01
9.913855263057735900e-01
9.911428907980920355e-01
9.908950929516471273e-01
9.906419976821463358e-01
9.903834124918591275e-01
9.746924511244902112e-01
9.748489430810638456e-01
9.749780150473861262e-01
9.750821430603675566e-01
9.751632733970285738e-01
9.752228316292786969e-01
9.752617294480938614e-01
9.752803692473990260e-01
9.752786464627738461e-01
9.752559496640847980e-01
9.752111584047373771e-01
9.751426388338305662e-01
9.750482370814874677e-01
9.749252704324642416e-01
9.747705163092048597e-01
9.745801990932803083e-01
9.743499748241241099e-01
9.740749138266553420e-01
9.902876066943173683e-01
9.906141718253496098e-01
9.909254355856307317e-01
9.912212592488118812e-01
9.915014147952754264e-01
9.917655859357853432e-01
9.920133687243328779e-01
9.922442717630243214e-01
9.924577159999133924e-01
9.949550706407402911e-01
9.954242716487594622e-01
9.958563332025714976e-01
9.962532174102616267e-01
9.966167379844198537e-01
9.969485699866658113e-01
9.972502588932967704e-01
9.975232290146646141e-01
9.977687913000169440e-01
9.979881505584682344e-01
9.981824121254906368e-01
9.983525880029447963e-01
9.984996024991761310e-01
9.964878725703312234e-01
9.964600881114480391e-01
9.964182118657994858e-01
9.963611574050267317e-01
9.962877872015197811e-01
9.961969096967369097e-01
9.960872761450368928e-01
9.959575772165855101e-01
9.958064393418777360e-01
9.956324207793318948e-01
9.954340073863303662e-01
9.952096080729591066e-01
9.949575499165718151e-01
9.946760729141836954e-01
9.943633243485775486e-01
9.940173527429334577e-01
9.936361013777629259e-01
9.932174013429707626e-01
9.927589640970372331e-01
9.922583735046113240e-01
9.940337272433840132e-01
9.937876952377272533e-01
9.935094620737831006e-01
9.931996427809476335e-01
9.928587798610370996e-01
9.924873461733284552e-01
9.920857474238714557e-01
9.916543242712714257e-01
9.911933540594398684e-01
9.890148722569500617e-01
9.887805948486743102e-01
9.885112142088688936e-01
9.882096067370658155e-01
9.878784573390196888e-01
9.875202697621521253e-01
9.871373761069272001e-01
9.867319455432356223e-01
9.863059922599440865e-01
9.858613826744908604e-01
9.853998419278146015e-01
9.867864570941337066e-01
9.840806008920358616e-01
9.832964692914628602e-01
9.824585481028385026e-01
9.815646919444096508e-01
9.806125446349504005e-01
9.795995315520548141e-01
9.785228510362012910e-01
9.773794648360465409e-01
9.761660875923853231e-01
9.771629606742341378e-01
9.761731116950748133e-01
9.751519884302242147e-01
9.740987097469842038e-01
9.714048619326540734e-01
9.706423545069644554e-01
9.698651136026733566e-01
9.690751340217865772e-01
9.682742897491836143e-01
9.674643413303841699e-01
9.666469427263378877e-01
9.658236476761044020e-01
9.666557461812681495e-01
9.655220878738562940e-01
9.643568015584033093e-01
9.615404912864351505e-01
9.606490243371526017e-01
9.597548647507807562e-01
9.588591032001343439e-01
9.579627471935870942e-01
9.570667244941069018e-01
9.561718861680539305e-01
9.552790092788233656e-01
9.543887992387071195e-01
9.535018918306537028e-01
9.526188549099574576e-01
9.517401897942786571e-01
9.508663323487730468e-01
9.499976537715417724e-01
9.491344610830227957e-01
9.482769973214040249e-01
9.474254414445798522e-01
9.465799079376390202e-01
9.457404461233303028e-01
9.449070391714171624e-01
9.440796028012775620e-01
9.432579836705710097e-01
9.424419574412085110e-01
9.416312265123094605e-01
9.408254174082155696e-01
9.400240778080543036e-01
9.392266732016998354e-01
9.239606336764798478e-01
9.237729604997616528e-01
9.236095378653402799e-01
9.234735280169207305e-01
9.233676471607793479e-01
9.232941813068896719e-01
9.232549997955397103e-01
9.232515665243712366e-01
9.232849488911782920e-01
9.233558244668068626e-01
9.234644854104268052e-01
9.236108406365822754e-01
