9.995640018467845112e-01
9.995517679394854138e-01
9.995365851964147508e-01
9.995183559606704016e-01
9.994969641912037073e-01
9.994722747631498150e-01
9.994441326536094294e-01
9.994123620081591941e-01
9.993767650826816951e-01
9.993371210544061967e-01
9.973777759189833558e-01
9.993391246301500663e-01
9.992972571172873408e-01
9.992506605814278631e-01
9.972943786029850877e-01
9.973322419741795786e-01
9.973660383732149137e-01
9.973959918017600845e-01
9.974222631408995454e-01
9.974449517130401510e-01
9.974640965374219626e-01
9.974796772864297223e-01
9.974916149483015193e-01
9.814518874938388260e-01
9.812939592474287931e-01
9.810240009114369331e-01
9.806390494730293783e-01
9.801351524997152787e-01
9.795073596343698563e-01
9.787497119968641135e-01
9.778552298119262964e-01
9.935536739150144792e-01
9.932871506973069975e-01
9.929853671555243233e-01
9.950621545680516933e-01
9.935370762093723718e-01
9.939539511738606503e-01
9.943265016903981568e-01
9.946583066469938395e-01
9.949526936154252654e-01
9.952127541766169205e-01
9.954413582642915870e-01
9.956411675568269670e-01
9.958146479494730530e-01
9.959640811404015803e-01
9.960915753646354398e-01
9.961990753098840523e-01
9.962883712477663689e-01
9.963611074129671286e-01
9.964187896615808171e-01
9.964627924383703261e-01
9.964943650808893993e-01
9.965146374865075929e-01
9.965246251663034682e-01
9.965252337076496714e-01
9.965172626650621313e-01
9.965014088966053230e-01
9.964782693607974196e-01
9.964483433866011541e-01
9.964120344266897966e-01
9.963696513017673562e-01
9.963214089413054975e-01
9.962674286236220533e-01
9.962077377157945168e-01
9.961422689114373119e-01
9.960708589619415854e-01
9.959932468942904737e-01
9.959090717061216402e-01
9.958178695262275282e-01
9.957190702262340709e-01
9.956119934667375659e-01
9.954958441587417051e-01
9.953697073188336741e-01
9.974040949773796960e-01
9.974398850850020315e-01
9.974720068955686969e-01
9.975006386827892646e-01
9.975259376682331647e-01
9.975480409510105728e-01
9.975670663168545449e-01
9.975831129312657808e-01
9.975962619207250359e-01
9.976065768453248328e-01
9.976141040655549519e-01
9.976188730053496823e-01
9.976208963129125085e-01
9.976201699202232875e-01
9.976166730015583184e-01
9.976103678307426392e-01
9.976011995362843443e-01
9.975890957529193193e-01
9.975739661675170344e-01
9.975557019566606565e-01
9.975341751126024503e-01
9.975092376536445204e-01
9.974807207143329135e-01
9.974484335101695409e-01
9.974121621708288421e-01
9.973716684351340289e-01
9.973266882002721490e-01
9.972769299169208512e-01
9.954080650813280640e-01
9.955167132142538344e-01
9.956092551544851732e-01
9.956865161561582189e-01
9.957492173463565743e-01
9.957979805129600903e-01
9.958333323858831188e-01
9.958557084326308262e-01
9.958654561870554645e-01
9.958628381281396935e-01
9.958480341235853572e-01
9.958211434509421922e-01
9.957821864069840156e-01
9.957311055140226630e-01
9.956677663298462155e-01
9.955919578659762070e-01
9.955033926169649661e-01
9.954017062014768324e-01
9.952864566139447700e-01
9.951571230836311344e-01
9.950131045359814630e-01
9.948537176492080469e-01
9.946781944971010425e-01
9.944856797671329796e-01
9.942752275409929563e-01
9.940457976227707881e-01
9.937962513981117851e-01
9.935253472057977708e-01
9.932317352013639855e-01
9.929139516905910456e-01
9.925704129089907291e-01
9.921994082217892030e-01
9.917990927174221705e-01
9.913674791662162589e-01
9.931610523449007077e-01
9.912211417650471645e-01
9.912413184872408412e-01
9.912376502167636882e-01
9.912123218433138705e-01
9.911673234061316728e-01
9.911044592096217576e-01
9.910253560124974159e-01
9.909314703166567373e-01
9.908240947800910359e-01
9.907043637759229693e-01
9.905732581172014273e-01
9.904316089644069621e-01
9.902801009297924617e-01
9.901192743897149207e-01
9.899495270130573843e-01
9.897711145106996566e-01
9.916015036334130395e-01
9.914468010059129810e-01
9.912905282592215928e-01
9.911326969712354051e-01
9.909733179717078455e-01
9.908124013950257991e-01
9.906499567286121133e-01
9.904859928572551375e-01
9.883506814465924384e-01
9.881653545904095504e-01
9.879487562797228950e-01
9.877004421871561357e-01
9.874198069778162834e-01
9.871060827729462028e-01
9.867583367774421799e-01
9.863754680653731288e-01
9.859562035151061554e-01
9.854990928832860764e-01
9.850025030048060737e-01
9.866379434169045837e-01
9.862912999824704485e-01
9.859363359565728180e-01
9.855728345910393928e-01
9.852005507936076878e-01
9.848192097108839915e-01
9.844285051392575037e-01
9.840280977551773001e-01
9.836176131552536450e-01
9.831966396956746124e-01
9.827647261194176753e-01
9.823213789586769940e-01
9.818660596988524336e-01
9.813981816892985988e-01
9.809171067848759806e-01
9.804221417011280693e-01
9.799125340646650528e-01
9.776904588494115256e-01
9.774266532757366344e-01
9.771626547154506071e-01
9.768997305868415415e-01
9.766390595830992671e-01
9.763817375184628000e-01
9.761287827535054529e-01
9.758811412274608355e-01
9.756396911238829350e-01
9.754052471943760461e-01
9.751785647636155296e-01
9.749603434374332078e-01
9.747512305343377648e-01
9.745518242595269109e-01
9.761667270008639319e-01
9.758145409479533905e-01
9.754474495413854029e-01
9.750645466240924764e-01
9.746648410126534934e-01
9.725074158490092380e-01
9.723087589218532001e-01
9.721200261405125165e-01
9.719416573817390992e-01
9.717740491954717230e-01
9.716175569881267959e-01
9.714724970143043814e-01
9.713391481887972967e-01
9.712177537298399832e-01
9.711085226436111384e-01
9.710116310591409006e-01
9.709272234219566977e-01
9.555686531421907493e-01
9.557541503326434373e-01
9.559191189062760108e-01
9.560642359266019463e-01
9.717844801879381711e-01
9.719420321686703668e-01
9.721141811281616141e-01
9.723007820496271103e-01
9.725016769119305682e-01
9.746559738242399629e-01
9.748399908004323766e-01
9.750025052438446860e-01
9.751432739590694121e-01
9.752619328718155067e-01
9.753579949228234902e-01
9.754308472829746890e-01
9.754797478779894115e-01
9.755038212085919147e-01
9.755020534495519868e-01
9.736971107104344103e-01
9.738534201994242245e-01
9.740197077441787865e-01
9.741956732109116057e-01
9.743809862060582860e-01
9.745752857746323716e-01
9.747781799880931297e-01
9.749892454208317627e-01
9.752080265137625936e-01
9.754340348228928148e-01
9.756667481500927996e-01
9.759056095526655872e-01
9.608168877720025813e-01
9.613609160803562315e-01
9.618922136916322474e-01
9.624105079203003621e-01
9.629149571618152992e-01
9.634041526038269465e-01
9.106489150231931173e-01
9.105736700961528651e-01
9.101920041473225975e-01
9.094921262712789556e-01
9.084594912138755918e-01
9.070768588743900462e-01
9.053243761029441394e-01
9.577571540578045939e-01
9.769552530417184855e-01
9.784943700108563736e-01
9.799339432548944684e-01
9.812774683145644161e-01
9.811567547491186758e-01
9.828625707026851233e-01
9.844400637474827187e-01
9.858964995870577175e-01
9.872387275980274435e-01
9.884732009693055765e-01
9.896059963523140546e-01
9.906428329027979762e-01
9.915890906208781885e-01
9.940637907740225154e-01
9.945013041223912387e-01
9.948895091139460245e-01
9.952290311310308946e-01
9.955203985275631329e-01
9.957640456468046519e-01
9.959603153174079182e-01
9.961094608373665116e-01
9.962116474535964716e-01
9.962669533429440172e-01
9.962753700984556815e-01
9.962368027227743728e-01
9.961510691285425656e-01
9.960178991437093066e-01
9.958369330176651824e-01
9.956077194221566451e-01
9.953297129390032971e-01
9.950022710247230506e-01
9.946246504403050137e-01
9.941960031325676184e-01
9.937153715517992314e-01
9.931816833887444629e-01
9.925937457124721641e-01
9.919502384892987523e-01
9.912497074617431236e-01
9.889467615735113570e-01
9.885790329964383449e-01
9.881665576509006677e-01
9.877117120663114758e-01
9.872167210236972856e-01
9.866836639616268778e-01
9.861144807526013301e-01
9.704359816054625165e-01
9.704793551286002851e-01
9.704433408342453271e-01
9.856422969176547033e-01
9.850127720119135066e-01
9.843675598516099523e-01
9.837076818257673994e-01
9.830340925124587681e-01
9.823476808200550803e-01
9.816492708681967549e-01
9.809396226125820517e-01
9.802194322163152451e-01
9.794893321692075272e-01
9.787498911550883696e-01
9.780016136658361559e-01
9.772449393594894174e-01
9.764802421584523051e-01
9.757078290824300337e-01
9.749279388093704535e-01
9.741407399562773683e-01
9.733463290703636694e-01
9.725447283195756132e-01
9.717358828700621842e-01
9.709196579367128654e-01
9.700958354913653547e-01
9.692641106117992900e-01
9.684240874530978260e-01
9.675752748214142551e-01
9.667170813286685149e-01
9.658488101051387886e-01
9.649696530454333621e-01
9.640786845618305456e-01
9.631748548175771418e-01
9.622569824113860193e-01
9.613237464831655421e-01
9.603736782099193681e-01
9.594051516598979257e-01
9.584163739724236297e-01
9.574053748304994782e-01
9.563699951933626320e-01
9.553078752566593890e-01
9.542164416090319623e-01
9.387035378787368378e-01
9.385059707897711601e-01
9.383294774868078392e-01
9.381774887395430973e-01
9.380530910863257299e-01
9.379590466282868855e-01
9.378978113470619604e-01
9.378715520063194422e-01
9.378821616990991039e-01
9.379312741037386658e-01
9.380202765111628205e-01
8.872319712516351098e-01
8.879426636329197375e-01
8.885737231020575111e-01
8.891260600317371088e-01
8.895985619550326184e-01
8.899880885731524804e-01
8.902894624884039043e-01
8.904954559885009946e-01
8.905967745212266529e-01
8.905820378236662949e-01
8.904377600138848603e-01
8.901483303205598441e-01
9.430161598995622230e-01
9.604495695440605774e-01
9.624454113893421425e-01
9.643710326297147972e-01
9.662286799194257370e-01
9.680203403034617349e-01
9.697477559939831071e-01
9.714124384171718418e-01
9.730156815449103602e-01
9.745585745300424652e-01
9.760420136672608438e-01
9.774667137040889964e-01
9.788332185281314324e-01
9.801419112578337867e-01
9.107694996778583629e-01
9.098408834583621152e-01
9.085872505877661265e-01
9.069848472626318436e-01
9.767766937039826791e-01
9.806453069072347262e-01
9.824042070688719930e-01
9.840162136828913830e-01
9.854863446217042577e-01
9.868193031358015732e-01
9.880194960468011711e-01
9.890910513726932640e-01
9.900378353199801307e-01
9.908634685943183973e-01
9.915713419955802799e-01
9.921646312751838392e-01
9.926463112434916747e-01
9.930191691232325146e-01
9.932858171515399626e-01
9.934487044385288401e-01
9.935101280945075608e-01
9.742723498662845261e-01
9.177072440586976354e-01
9.141108514318230238e-01
9.098852870890185018e-01
9.050062333745964027e-01
9.718071644785793994e-01
9.701354236539645459e-01
9.682505535931423823e-01
9.661461508943047782e-01
9.638154163059713397e-01
9.641086176893344240e-01
9.622627476694488591e-01
9.592083207580162085e-01
9.442659492299552149e-01
9.444489690151085526e-01
9.444007725218455107e-01
9.441417627112580480e-01
9.436912721552442873e-01
9.430675785104777331e-01
9.422879256663057035e-01
9.413685493160056650e-01
9.403247058660342272e-01
9.391707037473292496e-01
9.379199363266684797e-01
9.365849157350711884e-01
9.351773070351235839e-01
9.337079622408663848e-01
9.321869537835791864e-01
8.802772351189529498e-01
8.793602516019807247e-01
8.781894427969512140e-01
8.767762151359898004e-01
8.751291568979543412e-01
8.732540543602541616e-01
9.224202895925348589e-01
9.361454684420086325e-01
9.348428995881828962e-01
9.355661035584088570e-01
9.343678923343866627e-01
9.313538281263654683e-01
9.300786074700463368e-01
9.286747126411166731e-01
9.271428340212628516e-01
9.254831425982411597e-01
9.236952965237000823e-01
9.217784459697345723e-01
9.217259589593023161e-01
9.197801214930061420e-01
9.177873130370691745e-01
9.157464897938021320e-01
9.136564304974035267e-01
9.115157300072836977e-01
9.093227920897323235e-01
9.055298099887507668e-01
9.035576975533399224e-01
9.015879202736065690e-01
8.857015749057942644e-01
8.842969081698343059e-01
8.829238649463749811e-01
8.815862209736946564e-01
8.802872893695293799e-01
8.790299400870292823e-01
8.778166169569938670e-01
8.766493523262203214e-01
8.755297793024684472e-01
8.744591416156178854e-01
8.734383011024660082e-01
8.724677428195609652e-01
8.715475777848058492e-01
8.706775433445659296e-01
8.698570011589579209e-01
8.690849327941427838e-01
8.683599329070984529e-01
8.841308021204459244e-01
8.823015016857100878e-01
8.821049800865303769e-01
8.817750101831156595e-01
8.813130321622245633e-01
8.807198982408646071e-01
8.799958773739768869e-01
8.791406583368253091e-01
8.781533511857810836e-01
8.770324871295183122e-01
8.757760168712976911e-01
8.743813075127524481e-01
8.728451381411398424e-01
8.711636942561212793e-01
8.693325612295083049e-01
8.673467170327884279e-01
8.652005245133383982e-01
8.628877235516951849e-01
8.604014234897882085e-01
8.599833005451907875e-01
8.577516105749517505e-01
8.554245404218830950e-01
8.529956081082238351e-01
8.504578948785525006e-01
8.478040261502816088e-01
8.439955849109428421e-01
8.418302788328934083e-01
8.274535854968591009e-01
7.828618413490416872e-01
7.837328607336517816e-01
7.845796107504831030e-01
7.854149505163202649e-01
7.862501442773937033e-01
7.870948944838299655e-01
7.879573720898631617e-01
7.888442426470226865e-01
7.897606870285914793e-01
7.907104158619906453e-01
7.916956769567767838e-01
7.927172552054264631e-01
7.937744646079852862e-01
7.948651322360571481e-01
7.959855741126690143e-01
7.971305631484840726e-01
7.982932894479382036e-01
7.994653134874236677e-01
8.006365128780665863e-01
8.017950236641798734e-01
8.029271773814375956e-01
8.040174354120935840e-01
8.050483225336991788e-01
8.060003619673724584e-01
8.068520146951247973e-01
8.075796263345498271e-01
8.729888125640081764e-01
8.773820086552138742e-01
8.841653037822639893e-01
8.890330805952459947e-01
8.926267262863905039e-01
8.977652006336132029e-01
9.026792225891826504e-01
9.073771239572283598e-01
9.118667766711737732e-01
9.161555894194706173e-01
9.202505067902455593e-01
9.241580103408411073e-01
9.278841210668022921e-01
9.314344028076027016e-01
9.348139661833057001e-01
9.380274727075617047e-01
9.410791387681644027e-01
9.439727392071155521e-01
9.463294231472739737e-01
9.486555819669149070e-01
9.509494007416261496e-01
9.374792800767716150e-01
9.391946416294882916e-01
9.408404916866137668e-01
9.584361606724088878e-01
9.606470429869150562e-01
9.627999123408202964e-01
9.648920498685525926e-01
9.669206197251924984e-01
9.688826677161861411e-01
9.707751195973003400e-01
9.725947790341900046e-01
9.743383252095746405e-01
9.595964912355445797e-01
9.603238941867203726e-01
9.608858682694226827e-01
9.612674303168806667e-01
9.614526101678413372e-01
9.614244382515371168e-01
9.611649368244458147e-01
9.777068956918423259e-01
9.784203483588705952e-01
9.789589570214425329e-01
9.819990427719776926e-01
9.828998266092983105e-01
9.836228089122012186e-01
9.841674214126968634e-01
9.845328685828397264e-01
9.820199307496213503e-01
9.812674369766122284e-01
9.830353960193893847e-01
9.826430696418653188e-01
9.820548398560569048e-01
9.812683464724191174e-01
9.791071483678062126e-01
9.787183782796804454e-01
9.781440605817187661e-01
9.773884364266302027e-01
9.764554278661041753e-01
9.753486377273811181e-01
9.740713485201013544e-01
9.726265203493592582e-01
9.710167878193461943e-01
9.692444559197599396e-01
9.673114948946458513e-01
9.652195341007214768e-01
9.629698548698679694e-01
9.605633823985638697e-01
9.580006766959208164e-01
9.414782444140350481e-01
9.401818792700197269e-01
9.387662625002414218e-01
9.372440388953899859e-01
9.356271163060670970e-01
9.339266939130995704e-01
9.321532906490602732e-01
9.303167734961232949e-01
9.284263854329704024e-01
9.264907728444390367e-01
9.245180122427288927e-01
9.225156361788944270e-01
9.204906582487010214e-01
9.184495971182493612e-01
9.163984995126104316e-01
9.143429621254831607e-01
9.122881524200291414e-01
9.102388283008866487e-01
9.081993566452478683e-01
9.061737306870614184e-01
9.041655862531680077e-01
9.021782168536586211e-01
9.002145876311814510e-01
8.982773481754581235e-01
8.963688442100397058e-01
8.464521179017104879e-01
8.458314706714848974e-01
8.452267138212251618e-01
8.446473233336745379e-01
8.441013324315916888e-01
8.435953768004385012e-01
8.431347334048380215e-01
8.427233524112393015e-01
8.423638818518031091e-01
8.420576847711370716e-01
8.418048486923631613e-01
8.416041873263215845e-01
8.414532345315833828e-01
8.413482306174608905e-01
8.412841011714866646e-01
8.412544286910358382e-01
8.412514174101545228e-01
8.412658518416404885e-01
8.412870497054504293e-01
8.413028100922577135e-01
9.096217954003629202e-01
9.124831073903706402e-01
9.137154848105777383e-01
9.164730102240520315e-01
9.205092218073628318e-01
9.204610471150851403e-01
9.222010692177071700e-01
9.238907362830126591e-01
9.275658374089837954e-01
9.292456163012188242e-01
9.307840116171586242e-01
9.321828205490814145e-01
9.334431850153578347e-01
9.177367378449335922e-01
8.681857472064281600e-01
8.690538808223097211e-01
8.698673012797875082e-01
8.706164003057487166e-01
8.712895907170939980e-01
8.718732705847828113e-01
8.723517861245890792e-01
8.727073951781193495e-01
8.729202335408532409e-01
8.729682868262969020e-01
8.728273710279813580e-01
8.724711254527568460e-01
8.718710222451612202e-01
8.709963972949970046e-01
8.698145079046482042e-01
9.415962857354525095e-01
9.456490528375501858e-01
9.494659800503382208e-01
9.530541716594722601e-01
9.553783321916301530e-01
9.593290848998576870e-01
9.630123854846541764e-01
9.524343133415428264e-01
9.568425381841760835e-01
9.608158254616371297e-01
9.643711427401107095e-01
9.675244727836980196e-01
9.702907192367843381e-01
9.726836264493017303e-01
9.747157114820832469e-01
9.763982065238979713e-01
9.777410101583876578e-01
9.944808811087990641e-01
9.951690054811064279e-01
9.798741866094249353e-01
9.802178669803536248e-01
9.802499018922934404e-01
9.799732785232339038e-01
9.793894863948389151e-01
9.784985050916477078e-01
9.939164979081531737e-01
9.786314717516160222e-01
9.259234083282720240e-01
9.265424304199209038e-01
9.266686686279289598e-01
9.262943004480421738e-01
9.254088269287675805e-01
9.239991465092902700e-01
9.220496622277355447e-01
9.195424244783638734e-01
9.164573121705116288e-01
9.127722557263889813e-01
9.084635058183562206e-01
9.035059520514659992e-01
8.978734958985770120e-01
8.915394820396286280e-01
8.844771917817695339e-01
8.766604013738248380e-01
8.680640067027522999e-01
9.299113565362367995e-01
9.159691512135221814e-01
8.693796263415350944e-01
8.725238138957950307e-01
8.750730067971710380e-01
8.770665426159143241e-01
8.785423691877899399e-01
8.795366625919789350e-01
8.800835144394961729e-01
8.802146808337569794e-01
8.799593854074413413e-01
8.793441691522062564e-01
9.285207900502266964e-01
9.423893356107543307e-01
9.391403388725221291e-01
9.357919594330220692e-01
9.323424519116095821e-01
9.287898828869323165e-01
9.251321179765188418e-01
9.213668084334840636e-01
9.174913772961903469e-01
9.135030051386395789e-01
9.093986154834091673e-01
9.051748599553725017e-01
9.008281032735235838e-01
8.963544082003165325e-01
8.917495205933135827e-01
8.870088547329738615e-01
8.821274791334461352e-01
8.771001030805786192e-01
8.719210641833251563e-01
8.665843172715890219e-01
8.601157604709338544e-01
8.552853797499175847e-01
8.503570348635514087e-01
8.453272986697680791e-01
8.401922788689487609e-01
8.349476088156967402e-01
8.295884390546792719e-01
8.125121422619859812e-01
8.087118853159249721e-01
8.048918100895707806e-01
7.591401337403413940e-01
7.576331025245270911e-01
7.561281881929160509e-01
7.546421001091691005e-01
7.531900308772431218e-01
7.517857548478756868e-01
7.504417247950602166e-01
7.491691654895914487e-01
7.479781631806232678e-01
7.468777502332779594e-01
7.458759843657920552e-01
7.449800220884318369e-01
7.441961860732054790e-01
7.435300262826548545e-01
7.429863747617159175e-01
7.425693940524483727e-01
7.422826192305078674e-01
7.421289935874809673e-01
7.421108979970465480e-01
7.422301740076040488e-01
7.424881407014133350e-01
7.428856053521252223e-01
7.434228679003631601e-01
7.440997192521222603e-01
7.449154333884461243e-01
7.458687532584022950e-01
7.469578704119380630e-01
7.481803983160985050e-01
7.495333392885520363e-01
7.510130449778820161e-01
7.526151703222128120e-01
7.543346209281974746e-01
7.561654938332393883e-01
7.581010116472848281e-01
7.601334501192147375e-01
7.622540592397079040e-01
7.644529780807258756e-01
7.667191436852015540e-01
7.690401944631302111e-01
7.714023687265296747e-01
7.737903992103777329e-01
7.761874046845913533e-01
7.785747800683798792e-01
7.809320868176763408e-01
8.310378188972444846e-01
8.507427679606612836e-01
8.591839111757695324e-01
8.646210459265999404e-01
8.714486620774197778e-01
8.779556300961312010e-01
8.841487474935096902e-01
8.900343158374072194e-01
8.956180928456923818e-01
9.023308422500539994e-01
9.070737385506892902e-01
9.116443801424631843e-01
9.160451046733103508e-01
9.202778202557814202e-01
9.243440107136426942e-01
9.282447404719502693e-01
9.319806588926845548e-01
9.335434395796377016e-01
9.368878480184046342e-01
9.401477653851616489e-01
9.279714559557518117e-01
9.308379744964642155e-01
9.336669120811418310e-01
8.843641203973162668e-01
8.861860166333909161e-01
8.877682007543360454e-01
8.890859288928506521e-01
8.901119555494484414e-01
8.908165663826658198e-01
8.911676336460476744e-01
8.911306992217691292e-01
8.906690907216952002e-01
8.897440766082712615e-01
8.883150667005106360e-01
8.863398647367455307e-01
8.837749798183336392e-01
8.805760034994517538e-01
8.766980589490130926e-01
8.720963279127649237e-01
9.211646321929360948e-01
9.392531993604877893e-01
9.417635082159784288e-01
9.437176695254866354e-01
9.451291231204579368e-01
9.434652934928928758e-01
9.236077772636236416e-01
9.358928704293777434e-01
9.228316476685345382e-01
8.768344085413785072e-01
8.807862230711753782e-01
8.839852278250426298e-01
8.864761764048045833e-01
9.372621428550768075e-01
8.871013241962842910e-01
8.878934541677035996e-01
8.881401036566649587e-01
8.878807021785288800e-01
8.871523819502828978e-01
8.859897541060066661e-01
8.844247363076243040e-01
8.824864248506363307e-01
8.802010049185311491e-01
8.775916932915526214e-01
8.746787085300549158e-01
8.714792644032968161e-01
8.680075831021676347e-01
8.642749255458691549e-01
8.602896368593927479e-01
9.068636346964265016e-01
9.050676275431289719e-01
8.535919457985755576e-01
8.508554969886606978e-01
8.470935887882489190e-01
8.423112421011403894e-01
8.365138487673565715e-01
8.297074198661956723e-01
8.218989168915723509e-01
8.130966599319762178e-01
8.522634308952725668e-01
8.614030491824450353e-01
8.538038849995819302e-01
8.356733520317289887e-01
8.311721937694944717e-01
8.266263734953189779e-01
8.220489865395772533e-01
8.174520763069700324e-01
8.128466885171690137e-01
8.082429246002373890e-01
8.166015454459824019e-01
8.100168493108341750e-01
8.033004236706080547e-01
7.964484490592310673e-01
7.894567381815379425e-01
7.823207342343226900e-01
7.742274577442850303e-01
7.567647046850265458e-01
7.123321803253311879e-01
7.095074785032570164e-01
7.066942886311012861e-01
7.039087855798561444e-01
7.011653997311599884e-01
6.984769381795763454e-01
6.958547028433593740e-01
6.933086040472065115e-01
6.908472684858067980e-01
6.884781407645128581e-01
6.862075779495447891e-01
6.840409367510434935e-01
6.819826531140548154e-01
6.800363141107016451e-01
6.782047221165501405e-01
6.764899513200967052e-01
6.748933966605525914e-01
6.734158153193495755e-01
6.720573609083029254e-01
6.708176105050392968e-01
6.696955846867186368e-01
6.686897607085914297e-01
6.677980789666936312e-01
6.670179428760130147e-01
6.663462122887345851e-01
6.657791905736463178e-01
6.653126054794582522e-01
6.649415839137952089e-01
6.646606207882133077e-01
6.644635421102734751e-01
6.643434625491916323e-01
6.642927377649014975e-01
7.042413984737515564e-01
7.197311153433137987e-01
7.101475812503099672e-01
6.743892331394889528e-01
6.765342134739599222e-01
6.775243671554315172e-01
6.773561337147004924e-01
7.279775735619752330e-01
7.163016009688313313e-01
6.773634640156365183e-01
6.778930804640374008e-01
6.785029892065871371e-01
6.791941704044512917e-01
6.799667479664034397e-01
6.808199781185950705e-01
6.817522302545018231e-01
7.349260072848557979e-01
7.367739683788459004e-01
7.265173802175449724e-01
7.274993212099730711e-01
7.279044890303287829e-01
7.277287229996828311e-01
7.394036749062511404e-01
7.395824510220186943e-01
7.284711568059056841e-01
6.899803946383435971e-01
6.916320126083536080e-01
6.933725219735900058e-01
6.952060919512479398e-01
6.971360561335921968e-01
6.991649070720671322e-01
7.012942833256797792e-01
7.035249486957744214e-01
7.058567634078047881e-01
7.082886470391298595e-01
7.108185330338017138e-01
7.134433146944093584e-01
7.161587826012466573e-01
7.189595534844857028e-01
7.218389906701944136e-01
7.247891163407340631e-01
7.278005159995720730e-01
7.745451626858422811e-01
7.790049709921157417e-01
7.835280425210759958e-01
7.881115871299964049e-01
7.927523582608412278e-01
7.974466256485586158e-01
8.021901464730110121e-01
7.613376739443604713e-01
7.645698980108989185e-01
7.677539617901316671e-01
7.708669326482332496e-01
7.738834102834786233e-01
7.767754342361691267e-01
7.795124064865051050e-01
7.820610346966797577e-01
7.843853024796675344e-01
7.864464739264620530e-01
7.882031404638031313e-01
8.546018513804729544e-01
8.613027535028511261e-01
