-1.100699999999999932e+02
-1.106200000000000045e+02
-1.369950000000000045e+02
-1.291850000000000023e+02
-1.389199999999999875e+02
-1.348050000000000068e+02
-1.431299999999999955e+02
-1.483750000000000000e+02
-1.459199999999999875e+02
-1.594050000000000011e+02
-1.542450000000000045e+02
-1.622599999999999909e+02
-1.608799999999999955e+02
-1.539250000000000114e+02
-1.392199999999999989e+02
-1.137900000000000063e+02
-1.092750000000000057e+02
-9.296999999999999886e+01
-7.916500000000000625e+01
-7.077500000000000568e+01
-6.773999999999999488e+01
-6.228499999999999659e+01
-6.172999999999999687e+01
-5.700500000000000256e+01
-4.714000000000000057e+01
-4.722999999999999687e+01
-4.461500000000000199e+01
-4.250000000000000000e+01
-3.520000000000000284e+01
-3.010500000000000043e+01
-2.745499999999999829e+01
-1.344999999999999929e+01
-2.026500000000000057e+01
-1.744999999999999929e+01
-3.040500000000000114e+01
-1.865500000000000114e+01
-8.990000000000000213e+00
-2.219000000000000128e+01
-1.388499999999999979e+01
-3.375000000000000000e+00
-1.303500000000000014e+01
-7.605000000000000426e+00
-3.029999999999999805e+00
3.629999999999999893e+00
-1.979999999999999982e+00
-3.759999999999999787e+00
1.325999999999999979e+01
-5.705000000000000071e+00
-7.750000000000000000e+00
3.384999999999999787e+00
4.855000000000000426e+00
1.350000000000000089e+00
1.167999999999999972e+01
1.515499999999999936e+01
1.241499999999999915e+01
1.069500000000000028e+01
2.875000000000000000e+00
1.583999999999999986e+01
8.515000000000000568e+00
2.087999999999999901e+01
7.894999999999999574e+00
1.923999999999999844e+01
2.426000000000000156e+01
1.491000000000000014e+01
2.469500000000000028e+01
1.482000000000000028e+01
1.887999999999999901e+01
3.469500000000000028e+01
2.071999999999999886e+01
2.089999999999999858e+01
2.533999999999999986e+01
3.001500000000000057e+01
2.791000000000000014e+01
2.451500000000000057e+01
3.711500000000000199e+01
3.781499999999999773e+01
3.436999999999999744e+01
2.528500000000000014e+01
2.764000000000000057e+01
3.639999999999999858e+01
3.638499999999999801e+01
3.648499999999999943e+01
2.987500000000000000e+01
2.658999999999999986e+01
3.856000000000000227e+01
4.398499999999999943e+01
3.021000000000000085e+01
3.474499999999999744e+01
3.767000000000000171e+01
3.574000000000000199e+01
3.448499999999999943e+01
3.432999999999999829e+01
3.791499999999999915e+01
4.353999999999999915e+01
3.116499999999999915e+01
4.178499999999999659e+01
3.405499999999999972e+01
3.421999999999999886e+01
3.914000000000000057e+01
4.454500000000000171e+01
3.625500000000000256e+01
4.478000000000000114e+01
3.845000000000000284e+01
4.136999999999999744e+01
3.150499999999999901e+01
3.713499999999999801e+01
4.576500000000000057e+01
4.103999999999999915e+01
4.625999999999999801e+01
3.564500000000000313e+01
3.360000000000000142e+01
4.120499999999999829e+01
3.303499999999999659e+01
2.973999999999999844e+01
4.257000000000000028e+01
3.222500000000000142e+01
3.119500000000000028e+01
3.989999999999999858e+01
4.288000000000000256e+01
3.109499999999999886e+01
4.546999999999999886e+01
4.063000000000000256e+01
4.468500000000000227e+01
4.253999999999999915e+01
4.660000000000000142e+01
4.238000000000000256e+01
4.200000000000000000e+01
3.835000000000000142e+01
4.593999999999999773e+01
4.265999999999999659e+01
4.002000000000000313e+01
4.046999999999999886e+01
4.751500000000000057e+01
3.304999999999999716e+01
3.075499999999999901e+01
3.007999999999999829e+01
3.798499999999999943e+01
3.740500000000000114e+01
3.953999999999999915e+01
3.918999999999999773e+01
3.445499999999999829e+01
4.568999999999999773e+01
3.997999999999999687e+01
4.671000000000000085e+01
4.033500000000000085e+01
3.021499999999999986e+01
3.791499999999999915e+01
3.631499999999999773e+01
4.839000000000000057e+01
3.731000000000000227e+01
3.814999999999999858e+01
3.792999999999999972e+01
3.911999999999999744e+01
4.594500000000000028e+01
4.113499999999999801e+01
4.193500000000000227e+01
3.859499999999999886e+01
4.212500000000000000e+01
4.589999999999999858e+01
3.303000000000000114e+01
2.757499999999999929e+01
4.167000000000000171e+01
4.093500000000000227e+01
3.229999999999999716e+01
3.639500000000000313e+01
4.389500000000000313e+01
4.497500000000000142e+01
3.389500000000000313e+01
4.310499999999999687e+01
4.660000000000000142e+01
4.159000000000000341e+01
2.912500000000000000e+01
3.241499999999999915e+01
3.944500000000000028e+01
4.592999999999999972e+01
4.204999999999999716e+01
3.715999999999999659e+01
4.357500000000000284e+01
3.306000000000000227e+01
3.335000000000000142e+01
4.653000000000000114e+01
4.082999999999999829e+01
4.653000000000000114e+01
4.316499999999999915e+01
4.018999999999999773e+01
4.271000000000000085e+01
4.685499999999999687e+01
4.382500000000000284e+01
3.901500000000000057e+01
4.185000000000000142e+01
4.531000000000000227e+01
3.994500000000000028e+01
4.675999999999999801e+01
3.727000000000000313e+01
3.225999999999999801e+01
3.414000000000000057e+01
3.520499999999999829e+01
3.615500000000000114e+01
4.001500000000000057e+01
4.172500000000000142e+01
4.100500000000000256e+01
4.799000000000000199e+01
4.003499999999999659e+01
3.863000000000000256e+01
4.009499999999999886e+01
3.721500000000000341e+01
4.450000000000000000e+01
4.039999999999999858e+01
3.518999999999999773e+01
4.746999999999999886e+01
3.734499999999999886e+01
3.978999999999999915e+01
2.532499999999999929e+01
3.620000000000000284e+01
4.687500000000000000e+01
3.513000000000000256e+01
3.122500000000000142e+01
4.574000000000000199e+01
4.482500000000000284e+01
3.971500000000000341e+01
4.404999999999999716e+01
3.621999999999999886e+01
4.989999999999999858e+01
4.114000000000000057e+01
3.803499999999999659e+01
4.012500000000000000e+01
5.354500000000000171e+01
5.453000000000000114e+01
3.903999999999999915e+01
3.642999999999999972e+01
3.501500000000000057e+01
3.545000000000000284e+01
4.552000000000000313e+01
4.209000000000000341e+01
3.615999999999999659e+01
4.087500000000000000e+01
2.678999999999999915e+01
4.303000000000000114e+01
4.364000000000000057e+01
3.717999999999999972e+01
5.157500000000000284e+01
4.460499999999999687e+01
5.071999999999999886e+01
2.916499999999999915e+01
3.501500000000000057e+01
4.180499999999999972e+01
3.611999999999999744e+01
4.307500000000000284e+01
4.075000000000000000e+01
3.376500000000000057e+01
4.771999999999999886e+01
4.307500000000000284e+01
4.562500000000000000e+01
4.065999999999999659e+01
3.989999999999999858e+01
4.484000000000000341e+01
4.583500000000000085e+01
4.007500000000000284e+01
4.585999999999999943e+01
3.706000000000000227e+01
3.267499999999999716e+01
3.872500000000000142e+01
1.563499999999999979e+01
4.118999999999999773e+01
4.281000000000000227e+01
3.645000000000000284e+01
4.778000000000000114e+01
3.221000000000000085e+01
4.486999999999999744e+01
4.209499999999999886e+01
3.899000000000000199e+01
3.795499999999999829e+01
3.997500000000000142e+01
4.568500000000000227e+01
3.835000000000000142e+01
3.441499999999999915e+01
4.657999999999999829e+01
4.681499999999999773e+01
4.846000000000000085e+01
3.806499999999999773e+01
3.823499999999999943e+01
4.375999999999999801e+01
3.807500000000000284e+01
3.705499999999999972e+01
4.696000000000000085e+01
4.367499999999999716e+01
3.518999999999999773e+01
3.192000000000000171e+01
3.461500000000000199e+01
4.221500000000000341e+01
4.420499999999999829e+01
4.299000000000000199e+01
3.331499999999999773e+01
4.192499999999999716e+01
4.021500000000000341e+01
4.388499999999999801e+01
4.342999999999999972e+01
3.048000000000000043e+01
4.038499999999999801e+01
3.119000000000000128e+01
3.900999999999999801e+01
4.981499999999999773e+01
4.101500000000000057e+01
5.157500000000000284e+01
4.110000000000000142e+01
4.017499999999999716e+01
4.745000000000000284e+01
4.784499999999999886e+01
3.076999999999999957e+01
4.706000000000000227e+01
4.305499999999999972e+01
4.884499999999999886e+01
4.017499999999999716e+01
3.505499999999999972e+01
3.523499999999999943e+01
4.894500000000000028e+01
3.993999999999999773e+01
4.314000000000000057e+01
4.003999999999999915e+01
3.514500000000000313e+01
3.609499999999999886e+01
3.659499999999999886e+01
4.006499999999999773e+01
3.820000000000000284e+01
3.744500000000000028e+01
3.723499999999999943e+01
4.246000000000000085e+01
4.304500000000000171e+01
3.226500000000000057e+01
3.439000000000000057e+01
3.321000000000000085e+01
3.499499999999999744e+01
3.405499999999999972e+01
4.847500000000000142e+01
4.492999999999999972e+01
4.148499999999999943e+01
4.207999999999999829e+01
3.254500000000000171e+01
3.898499999999999943e+01
3.536999999999999744e+01
3.619500000000000028e+01
3.635999999999999943e+01
4.179500000000000171e+01
3.730499999999999972e+01
3.327000000000000313e+01
4.010999999999999943e+01
4.163499999999999801e+01
4.202499999999999858e+01
4.686500000000000199e+01
4.883500000000000085e+01
4.201500000000000057e+01
4.406000000000000227e+01
4.014999999999999858e+01
4.143500000000000227e+01
4.100000000000000000e+01
4.266499999999999915e+01
3.817499999999999716e+01
4.300000000000000000e+01
4.076500000000000057e+01
4.471000000000000085e+01
3.284499999999999886e+01
5.258500000000000085e+01
3.822999999999999687e+01
3.682500000000000284e+01
4.500999999999999801e+01
4.676500000000000057e+01
4.456499999999999773e+01
2.767500000000000071e+01
3.920000000000000284e+01
4.378000000000000114e+01
2.846000000000000085e+01
4.116499999999999915e+01
3.880499999999999972e+01
4.568500000000000227e+01
4.972500000000000142e+01
4.690999999999999659e+01
4.086500000000000199e+01
3.546500000000000341e+01
4.492499999999999716e+01
4.485999999999999943e+01
3.202499999999999858e+01
3.656499999999999773e+01
4.092999999999999972e+01
3.117000000000000171e+01
3.970000000000000284e+01
3.638000000000000256e+01
3.042500000000000071e+01
4.789999999999999858e+01
3.422999999999999687e+01
3.832000000000000028e+01
4.268500000000000227e+01
3.323499999999999943e+01
3.989000000000000057e+01
3.046999999999999886e+01
3.718999999999999773e+01
3.361999999999999744e+01
4.388499999999999801e+01
4.377000000000000313e+01
4.602499999999999858e+01
4.714000000000000057e+01
4.010999999999999943e+01
4.784499999999999886e+01
3.643500000000000227e+01
4.364999999999999858e+01
4.191499999999999915e+01
3.999499999999999744e+01
4.564999999999999858e+01
3.892000000000000171e+01
4.682999999999999829e+01
3.431000000000000227e+01
3.993500000000000227e+01
4.745499999999999829e+01
4.116499999999999915e+01
3.044500000000000028e+01
2.185999999999999943e+01
3.413499999999999801e+01
4.488000000000000256e+01
3.817000000000000171e+01
3.403999999999999915e+01
4.272500000000000142e+01
4.400500000000000256e+01
3.155999999999999872e+01
4.378499999999999659e+01
4.196500000000000341e+01
3.518999999999999773e+01
2.764999999999999858e+01
4.748499999999999943e+01
3.030000000000000071e+01
3.624000000000000199e+01
3.042999999999999972e+01
3.618500000000000227e+01
3.810000000000000142e+01
3.865999999999999659e+01
4.382000000000000028e+01
3.399000000000000199e+01
4.793500000000000227e+01
4.300999999999999801e+01
4.482000000000000028e+01
3.234499999999999886e+01
3.942000000000000171e+01
3.709499999999999886e+01
3.638499999999999801e+01
3.423499999999999943e+01
3.721999999999999886e+01
4.118500000000000227e+01
2.548000000000000043e+01
3.725999999999999801e+01
3.828000000000000114e+01
4.113499999999999801e+01
3.033999999999999986e+01
3.802000000000000313e+01
4.125999999999999801e+01
3.623499999999999943e+01
4.199000000000000199e+01
3.590999999999999659e+01
3.997999999999999687e+01
3.414500000000000313e+01
4.879999999999999716e+01
4.125000000000000000e+01
4.503499999999999659e+01
3.886999999999999744e+01
3.414000000000000057e+01
3.875999999999999801e+01
4.096000000000000085e+01
3.912500000000000000e+01
4.018500000000000227e+01
3.599000000000000199e+01
4.872999999999999687e+01
3.157999999999999829e+01
4.476500000000000057e+01
3.626500000000000057e+01
4.249000000000000199e+01
3.675000000000000000e+01
3.993500000000000227e+01
4.110999999999999943e+01
3.821999999999999886e+01
5.174000000000000199e+01
3.324499999999999744e+01
3.823499999999999943e+01
3.807500000000000284e+01
3.529500000000000171e+01
3.429999999999999716e+01
3.897500000000000142e+01
4.711999999999999744e+01
2.596000000000000085e+01
3.910499999999999687e+01
3.448499999999999943e+01
3.641499999999999915e+01
3.278000000000000114e+01
3.894500000000000028e+01
4.384000000000000341e+01
4.100500000000000256e+01
3.506000000000000227e+01
3.909000000000000341e+01
3.119500000000000028e+01
4.078499999999999659e+01
4.207999999999999829e+01
3.915999999999999659e+01
5.086500000000000199e+01
3.528000000000000114e+01
4.325000000000000000e+01
5.350000000000000000e+01
4.077499999999999858e+01
3.440500000000000114e+01
4.479999999999999716e+01
3.431000000000000227e+01
4.002499999999999858e+01
4.015999999999999659e+01
3.901500000000000057e+01
3.153500000000000014e+01
3.336500000000000199e+01
3.613499999999999801e+01
5.460000000000000142e+01
3.657000000000000028e+01
4.314999999999999858e+01
3.982999999999999829e+01
4.210000000000000142e+01
3.403999999999999915e+01
4.275999999999999801e+01
5.260499999999999687e+01
4.396999999999999886e+01
4.590999999999999659e+01
4.135000000000000142e+01
4.572500000000000142e+01
4.102499999999999858e+01
4.498499999999999943e+01
4.652499999999999858e+01
3.867999999999999972e+01
3.800500000000000256e+01
3.507500000000000284e+01
4.023499999999999943e+01
4.020000000000000284e+01
4.966499999999999915e+01
3.300999999999999801e+01
3.907500000000000284e+01
4.965500000000000114e+01
3.235499999999999687e+01
4.324499999999999744e+01
3.898499999999999943e+01
3.618999999999999773e+01
2.742500000000000071e+01
4.300500000000000256e+01
3.793999999999999773e+01
5.178000000000000114e+01
3.709499999999999886e+01
3.522500000000000142e+01
4.400999999999999801e+01
3.058999999999999986e+01
4.215999999999999659e+01
4.115500000000000114e+01
4.712500000000000000e+01
4.312500000000000000e+01
3.529999999999999716e+01
3.993999999999999773e+01
4.564500000000000313e+01
4.544500000000000028e+01
4.092000000000000171e+01
3.315500000000000114e+01
3.936500000000000199e+01
3.329500000000000171e+01
4.775999999999999801e+01
4.474499999999999744e+01
3.392000000000000171e+01
3.734000000000000341e+01
2.873999999999999844e+01
3.653000000000000114e+01
4.025999999999999801e+01
4.482000000000000028e+01
4.786999999999999744e+01
3.802499999999999858e+01
3.427000000000000313e+01
4.969500000000000028e+01
4.499499999999999744e+01
3.812500000000000000e+01
4.009499999999999886e+01
4.696999999999999886e+01
3.798499999999999943e+01
4.104500000000000171e+01
3.249499999999999744e+01
4.613499999999999801e+01
3.899000000000000199e+01
2.825499999999999901e+01
4.405499999999999972e+01
3.706000000000000227e+01
4.755499999999999972e+01
3.850000000000000000e+01
4.004500000000000171e+01
4.081499999999999773e+01
2.343499999999999872e+01
4.767499999999999716e+01
3.159499999999999886e+01
3.229999999999999716e+01
4.106499999999999773e+01
4.196500000000000341e+01
3.921999999999999886e+01
4.682000000000000028e+01
4.399499999999999744e+01
4.104999999999999716e+01
3.517999999999999972e+01
3.834499999999999886e+01
4.385999999999999943e+01
4.154999999999999716e+01
4.317999999999999972e+01
3.764999999999999858e+01
3.602499999999999858e+01
3.707999999999999829e+01
4.604999999999999716e+01
3.913499999999999801e+01
3.047500000000000142e+01
4.667999999999999972e+01
5.086500000000000199e+01
3.821000000000000085e+01
3.445000000000000284e+01
3.984499999999999886e+01
4.007500000000000284e+01
4.284000000000000341e+01
3.816499999999999915e+01
4.389500000000000313e+01
3.817000000000000171e+01
4.457999999999999829e+01
4.278000000000000114e+01
4.407500000000000284e+01
3.057999999999999829e+01
3.552499999999999858e+01
5.051500000000000057e+01
4.389000000000000057e+01
4.132500000000000284e+01
3.235499999999999687e+01
3.340999999999999659e+01
4.372500000000000142e+01
4.589999999999999858e+01
4.407000000000000028e+01
3.887500000000000000e+01
4.966499999999999915e+01
4.487500000000000000e+01
4.563000000000000256e+01
3.507500000000000284e+01
4.864500000000000313e+01
4.022999999999999687e+01
4.385499999999999687e+01
3.904500000000000171e+01
3.697999999999999687e+01
3.315500000000000114e+01
3.153999999999999915e+01
4.102499999999999858e+01
4.394500000000000028e+01
4.698499999999999943e+01
3.797999999999999687e+01
3.414000000000000057e+01
3.975999999999999801e+01
4.011500000000000199e+01
4.589500000000000313e+01
3.630499999999999972e+01
3.107499999999999929e+01
2.865500000000000114e+01
4.767000000000000171e+01
3.585499999999999687e+01
4.853499999999999659e+01
5.125000000000000000e+01
3.992000000000000171e+01
4.011500000000000199e+01
4.015500000000000114e+01
3.928000000000000114e+01
3.820499999999999829e+01
2.823000000000000043e+01
3.807500000000000284e+01
5.342999999999999972e+01
3.338000000000000256e+01
3.430499999999999972e+01
3.525500000000000256e+01
3.158999999999999986e+01
4.109499999999999886e+01
4.690500000000000114e+01
4.970499999999999829e+01
3.988000000000000256e+01
4.312500000000000000e+01
3.066000000000000014e+01
4.298499999999999943e+01
3.916499999999999915e+01
3.928499999999999659e+01
3.635499999999999687e+01
4.467000000000000171e+01
3.517499999999999716e+01
3.791499999999999915e+01
4.880499999999999972e+01
4.575500000000000256e+01
4.128000000000000114e+01
3.524499999999999744e+01
4.657500000000000284e+01
5.175000000000000000e+01
4.492999999999999972e+01
3.739999999999999858e+01
4.664000000000000057e+01
3.778999999999999915e+01
4.282000000000000028e+01
4.896500000000000341e+01
4.618500000000000227e+01
5.064000000000000057e+01
3.996500000000000341e+01
3.407999999999999829e+01
4.871000000000000085e+01
3.626500000000000057e+01
4.002499999999999858e+01
3.324499999999999744e+01
4.211500000000000199e+01
3.307000000000000028e+01
4.384499999999999886e+01
3.500999999999999801e+01
3.568500000000000227e+01
4.490999999999999659e+01
3.725500000000000256e+01
4.093999999999999773e+01
4.392000000000000171e+01
3.375000000000000000e+01
4.485499999999999687e+01
3.319500000000000028e+01
4.180499999999999972e+01
3.928999999999999915e+01
3.821500000000000341e+01
4.140999999999999659e+01
4.872500000000000142e+01
4.020000000000000284e+01
3.732000000000000028e+01
3.362500000000000000e+01
4.267999999999999972e+01
3.822500000000000142e+01
3.629500000000000171e+01
4.663499999999999801e+01
5.435499999999999687e+01
4.201500000000000057e+01
3.664000000000000057e+01
3.913499999999999801e+01
3.825500000000000256e+01
4.085499999999999687e+01
4.484000000000000341e+01
5.710000000000000142e+01
3.225500000000000256e+01
4.204999999999999716e+01
2.563500000000000156e+01
3.308500000000000085e+01
3.732000000000000028e+01
2.945499999999999829e+01
4.391499999999999915e+01
3.992499999999999716e+01
4.360000000000000142e+01
4.196500000000000341e+01
4.495499999999999829e+01
3.350000000000000000e+01
3.215500000000000114e+01
3.595000000000000284e+01
3.887500000000000000e+01
4.600500000000000256e+01
4.228499999999999659e+01
3.617499999999999716e+01
3.629500000000000171e+01
3.425500000000000256e+01
3.629999999999999716e+01
4.317499999999999716e+01
4.085499999999999687e+01
3.019999999999999929e+01
4.964999999999999858e+01
3.925999999999999801e+01
4.211999999999999744e+01
3.573499999999999943e+01
3.896000000000000085e+01
4.881000000000000227e+01
4.285999999999999943e+01
4.674499999999999744e+01
4.362500000000000000e+01
4.765500000000000114e+01
3.910499999999999687e+01
4.010999999999999943e+01
3.797999999999999687e+01
3.988000000000000256e+01
4.306000000000000227e+01
5.180499999999999972e+01
4.022999999999999687e+01
4.322500000000000142e+01
3.119000000000000128e+01
3.304500000000000171e+01
4.390500000000000114e+01
4.207000000000000028e+01
4.118999999999999773e+01
3.242499999999999716e+01
3.617000000000000171e+01
4.328000000000000114e+01
4.190999999999999659e+01
4.771000000000000085e+01
3.592499999999999716e+01
4.099499999999999744e+01
4.292000000000000171e+01
3.608500000000000085e+01
4.186999999999999744e+01
3.957999999999999829e+01
4.328000000000000114e+01
4.094500000000000028e+01
3.725999999999999801e+01
4.091499999999999915e+01
4.585000000000000142e+01
4.425999999999999801e+01
3.746999999999999886e+01
4.215500000000000114e+01
4.495000000000000284e+01
3.643999999999999773e+01
3.144000000000000128e+01
3.717000000000000171e+01
3.882500000000000284e+01
3.156500000000000128e+01
3.057499999999999929e+01
3.445000000000000284e+01
4.003000000000000114e+01
3.608500000000000085e+01
4.577000000000000313e+01
4.781000000000000227e+01
4.884000000000000341e+01
4.377499999999999858e+01
3.056500000000000128e+01
4.962500000000000000e+01
3.918999999999999773e+01
4.223499999999999943e+01
4.411500000000000199e+01
4.145000000000000284e+01
3.538499999999999801e+01
3.417000000000000171e+01
4.418500000000000227e+01
4.744500000000000028e+01
5.260000000000000142e+01
3.467499999999999716e+01
4.307000000000000028e+01
4.592999999999999972e+01
4.584000000000000341e+01
3.995499999999999829e+01
4.382000000000000028e+01
4.971500000000000341e+01
4.003000000000000114e+01
4.578999999999999915e+01
4.174499999999999744e+01
4.500999999999999801e+01
4.881499999999999773e+01
3.045499999999999829e+01
4.596000000000000085e+01
3.410000000000000142e+01
4.007500000000000284e+01
4.190500000000000114e+01
4.102499999999999858e+01
3.835999999999999943e+01
4.595000000000000284e+01
4.094500000000000028e+01
3.735999999999999943e+01
4.293500000000000227e+01
3.987500000000000000e+01
4.000999999999999801e+01
4.853499999999999659e+01
4.292000000000000171e+01
3.817999999999999972e+01
3.801500000000000057e+01
4.346500000000000341e+01
4.099000000000000199e+01
3.793999999999999773e+01
4.228499999999999659e+01
2.918499999999999872e+01
3.335499999999999687e+01
4.578999999999999915e+01
4.330499999999999972e+01
4.493500000000000227e+01
4.201500000000000057e+01
3.414500000000000313e+01
3.321999999999999886e+01
3.871999999999999886e+01
3.598499999999999943e+01
4.013499999999999801e+01
3.922500000000000142e+01
4.610499999999999687e+01
2.653500000000000014e+01
3.889500000000000313e+01
4.059499999999999886e+01
3.986999999999999744e+01
4.969500000000000028e+01
3.974499999999999744e+01
4.804500000000000171e+01
3.742999999999999972e+01
3.624499999999999744e+01
4.491499999999999915e+01
4.396999999999999886e+01
4.898499999999999943e+01
3.712500000000000000e+01
4.088000000000000256e+01
3.414500000000000313e+01
3.932000000000000028e+01
3.510000000000000142e+01
4.711999999999999744e+01
4.108500000000000085e+01
2.903999999999999915e+01
4.318999999999999773e+01
3.886500000000000199e+01
3.815500000000000114e+01
4.121000000000000085e+01
3.775000000000000000e+01
3.116499999999999915e+01
4.074000000000000199e+01
4.962500000000000000e+01
3.949000000000000199e+01
4.610000000000000142e+01
4.333500000000000085e+01
3.797999999999999687e+01
3.838000000000000256e+01
4.407000000000000028e+01
3.901500000000000057e+01
4.007500000000000284e+01
4.199000000000000199e+01
4.114000000000000057e+01
3.748499999999999943e+01
4.590999999999999659e+01
4.467000000000000171e+01
2.676999999999999957e+01
4.404500000000000171e+01
3.435000000000000142e+01
4.376500000000000057e+01
4.288499999999999801e+01
3.574000000000000199e+01
4.209000000000000341e+01
4.121000000000000085e+01
3.496500000000000341e+01
5.060999999999999943e+01
4.815500000000000114e+01
3.685999999999999943e+01
4.682999999999999829e+01
3.503999999999999915e+01
3.738499999999999801e+01
4.000500000000000256e+01
4.950999999999999801e+01
3.999000000000000199e+01
3.432999999999999829e+01
4.383500000000000085e+01
3.217000000000000171e+01
4.567499999999999716e+01
4.076500000000000057e+01
3.811999999999999744e+01
4.090999999999999659e+01
4.107000000000000028e+01
4.783500000000000085e+01
3.818999999999999773e+01
4.364000000000000057e+01
4.668500000000000227e+01
3.990999999999999659e+01
4.464000000000000057e+01
4.982000000000000028e+01
2.969500000000000028e+01
4.678000000000000114e+01
3.982999999999999829e+01
4.003999999999999915e+01
3.990500000000000114e+01
3.715500000000000114e+01
3.822999999999999687e+01
4.024000000000000199e+01
3.427499999999999858e+01
3.507500000000000284e+01
4.160999999999999943e+01
3.594500000000000028e+01
3.146999999999999886e+01
4.329999999999999716e+01
3.713499999999999801e+01
4.417000000000000171e+01
3.246500000000000341e+01
3.224000000000000199e+01
3.497999999999999687e+01
3.608500000000000085e+01
4.780499999999999972e+01
3.718999999999999773e+01
2.937000000000000099e+01
3.696000000000000085e+01
3.722500000000000142e+01
3.515500000000000114e+01
3.807000000000000028e+01
4.585499999999999687e+01
4.092999999999999972e+01
5.068999999999999773e+01
4.297500000000000142e+01
4.493500000000000227e+01
4.839999999999999858e+01
5.342499999999999716e+01
4.512500000000000000e+01
3.627499999999999858e+01
3.623499999999999943e+01
4.463499999999999801e+01
4.474000000000000199e+01
4.027000000000000313e+01
4.022999999999999687e+01
4.302000000000000313e+01
3.162500000000000000e+01
4.007999999999999829e+01
4.202499999999999858e+01
3.532000000000000028e+01
3.632500000000000284e+01
4.674499999999999744e+01
3.641499999999999915e+01
3.357999999999999829e+01
4.889500000000000313e+01
4.111500000000000199e+01
3.968500000000000227e+01
