-1.150499999999999972e+02
-1.144650000000000034e+02
-1.329199999999999875e+02
-1.306949999999999932e+02
-1.375399999999999920e+02
-1.358449999999999989e+02
-1.433050000000000068e+02
-1.451899999999999977e+02
-1.534149999999999920e+02
-1.606399999999999864e+02
-1.596250000000000000e+02
-1.698350000000000080e+02
-1.603549999999999898e+02
-1.507350000000000136e+02
-1.383300000000000125e+02
-1.197750000000000057e+02
-1.007500000000000000e+02
-8.090500000000000114e+01
-7.448499999999999943e+01
-7.446500000000000341e+01
-6.733499999999999375e+01
-4.524499999999999744e+01
-5.793999999999999773e+01
-4.757500000000000284e+01
-3.897500000000000142e+01
-4.024499999999999744e+01
-2.356500000000000128e+01
-3.220000000000000284e+01
-3.028999999999999915e+01
-2.648000000000000043e+01
-2.242000000000000171e+01
-2.239499999999999957e+01
-1.153500000000000014e+01
-1.565499999999999936e+01
-1.781500000000000128e+01
-5.245000000000000107e+00
-1.281499999999999950e+01
-3.470000000000000195e+00
4.405000000000000249e+00
-6.169999999999999929e+00
-3.915000000000000036e+00
-1.629999999999999893e+00
5.100000000000000089e-01
1.697500000000000142e+01
-1.844999999999999973e+00
1.018500000000000050e+01
1.424499999999999922e+01
-6.199999999999999956e-01
8.580000000000000071e+00
2.166000000000000014e+01
1.578500000000000014e+01
1.504499999999999993e+01
1.624500000000000099e+01
1.878999999999999915e+01
1.819500000000000028e+01
1.438000000000000078e+01
2.130999999999999872e+01
1.752499999999999858e+01
2.717500000000000071e+01
2.183999999999999986e+01
2.637999999999999901e+01
2.271999999999999886e+01
3.604999999999999716e+01
3.738000000000000256e+01
2.628000000000000114e+01
2.928500000000000014e+01
3.051000000000000156e+01
4.477499999999999858e+01
4.243999999999999773e+01
3.671000000000000085e+01
4.732500000000000284e+01
3.346000000000000085e+01
3.567999999999999972e+01
3.839500000000000313e+01
4.089500000000000313e+01
3.126500000000000057e+01
3.832000000000000028e+01
3.624499999999999744e+01
4.346999999999999886e+01
4.135999999999999943e+01
5.321000000000000085e+01
4.392499999999999716e+01
3.670000000000000284e+01
5.477000000000000313e+01
5.038499999999999801e+01
5.385999999999999943e+01
5.814000000000000057e+01
3.965999999999999659e+01
5.345499999999999829e+01
5.714999999999999858e+01
4.532000000000000028e+01
5.361500000000000199e+01
4.452000000000000313e+01
4.597999999999999687e+01
5.392999999999999972e+01
6.065999999999999659e+01
4.882500000000000284e+01
5.897500000000000142e+01
5.968500000000000227e+01
5.743500000000000227e+01
5.507999999999999829e+01
5.628999999999999915e+01
6.197999999999999687e+01
5.025500000000000256e+01
6.281499999999999773e+01
6.231000000000000227e+01
6.188000000000000256e+01
5.540999999999999659e+01
6.128000000000000114e+01
6.309499999999999886e+01
5.595499999999999829e+01
5.843500000000000227e+01
6.189500000000000313e+01
6.900000000000000000e+01
6.167499999999999716e+01
6.175500000000000256e+01
6.282000000000000028e+01
5.836500000000000199e+01
5.976500000000000057e+01
6.017999999999999972e+01
6.695499999999999829e+01
5.578999999999999915e+01
6.423999999999999488e+01
6.462000000000000455e+01
6.167999999999999972e+01
6.570999999999999375e+01
6.380499999999999972e+01
6.072999999999999687e+01
6.340999999999999659e+01
6.648499999999999943e+01
6.588500000000000512e+01
6.621500000000000341e+01
7.194499999999999318e+01
6.293999999999999773e+01
6.201500000000000057e+01
6.573000000000000398e+01
6.673000000000000398e+01
6.009499999999999886e+01
6.689499999999999602e+01
6.250000000000000000e+01
6.395499999999999829e+01
5.987500000000000000e+01
5.692999999999999972e+01
6.760999999999999943e+01
6.239000000000000057e+01
6.400499999999999545e+01
6.759000000000000341e+01
6.461499999999999488e+01
6.775000000000000000e+01
6.669499999999999318e+01
6.467000000000000171e+01
5.768999999999999773e+01
5.804999999999999716e+01
6.443999999999999773e+01
5.277000000000000313e+01
6.676000000000000512e+01
6.257000000000000028e+01
6.196000000000000085e+01
6.456000000000000227e+01
6.999500000000000455e+01
6.576999999999999602e+01
5.820000000000000284e+01
6.989000000000000057e+01
6.457999999999999829e+01
6.374499999999999744e+01
6.249499999999999744e+01
6.848499999999999943e+01
6.856999999999999318e+01
6.868999999999999773e+01
6.668500000000000227e+01
5.985499999999999687e+01
6.361999999999999744e+01
6.944499999999999318e+01
7.265000000000000568e+01
6.161500000000000199e+01
6.740000000000000568e+01
6.848999999999999488e+01
6.095000000000000284e+01
6.560999999999999943e+01
6.083500000000000085e+01
6.573499999999999943e+01
7.290500000000000114e+01
6.666500000000000625e+01
5.914999999999999858e+01
6.173499999999999943e+01
6.762500000000000000e+01
6.865999999999999659e+01
6.656499999999999773e+01
6.233500000000000085e+01
6.007500000000000284e+01
7.059999999999999432e+01
6.781499999999999773e+01
6.194500000000000028e+01
6.430500000000000682e+01
6.182999999999999829e+01
6.275999999999999801e+01
6.264000000000000057e+01
6.835500000000000398e+01
5.785999999999999943e+01
6.484999999999999432e+01
6.866500000000000625e+01
6.656999999999999318e+01
6.777500000000000568e+01
6.862999999999999545e+01
6.473499999999999943e+01
6.674500000000000455e+01
6.736499999999999488e+01
6.353999999999999915e+01
6.214999999999999858e+01
6.972499999999999432e+01
6.634999999999999432e+01
5.795000000000000284e+01
6.656499999999999773e+01
6.792000000000000171e+01
6.960500000000000398e+01
6.955500000000000682e+01
6.662000000000000455e+01
6.115999999999999659e+01
6.177499999999999858e+01
6.677500000000000568e+01
7.437500000000000000e+01
6.579000000000000625e+01
7.356999999999999318e+01
6.829000000000000625e+01
6.658499999999999375e+01
6.645499999999999829e+01
6.855500000000000682e+01
6.092999999999999972e+01
6.760999999999999943e+01
6.377499999999999858e+01
5.990999999999999659e+01
6.189999999999999858e+01
7.163500000000000512e+01
6.931499999999999773e+01
6.668000000000000682e+01
6.745000000000000284e+01
5.973499999999999943e+01
6.217000000000000171e+01
6.415500000000000114e+01
6.854500000000000171e+01
6.393500000000000227e+01
6.978499999999999659e+01
6.121500000000000341e+01
6.579000000000000625e+01
7.425000000000000000e+01
6.953000000000000114e+01
6.557500000000000284e+01
6.042000000000000171e+01
6.557500000000000284e+01
6.161999999999999744e+01
6.675000000000000000e+01
6.403499999999999659e+01
6.582999999999999829e+01
6.851000000000000512e+01
6.640500000000000114e+01
5.867999999999999972e+01
6.579999999999999716e+01
6.235000000000000142e+01
6.857999999999999829e+01
6.726500000000000057e+01
6.659499999999999886e+01
6.669499999999999318e+01
6.010499999999999687e+01
6.459499999999999886e+01
7.254500000000000171e+01
6.470499999999999829e+01
6.465999999999999659e+01
6.848499999999999943e+01
6.278499999999999659e+01
6.648499999999999943e+01
6.681999999999999318e+01
6.665000000000000568e+01
7.246999999999999886e+01
6.724500000000000455e+01
6.420499999999999829e+01
6.675000000000000000e+01
6.931000000000000227e+01
6.235999999999999943e+01
6.085499999999999687e+01
6.856499999999999773e+01
6.679000000000000625e+01
6.735999999999999943e+01
7.223499999999999943e+01
6.845499999999999829e+01
6.503000000000000114e+01
5.909000000000000341e+01
6.555500000000000682e+01
6.488500000000000512e+01
6.276500000000000057e+01
6.862500000000000000e+01
6.715999999999999659e+01
6.556999999999999318e+01
6.359000000000000341e+01
6.656000000000000227e+01
7.077500000000000568e+01
6.374000000000000199e+01
6.675000000000000000e+01
6.464000000000000057e+01
6.912500000000000000e+01
6.457999999999999829e+01
6.873000000000000398e+01
6.787999999999999545e+01
6.388499999999999801e+01
6.940500000000000114e+01
6.668999999999999773e+01
6.085999999999999943e+01
6.277000000000000313e+01
6.364500000000000313e+01
6.221500000000000341e+01
5.920000000000000284e+01
6.493000000000000682e+01
5.985000000000000142e+01
6.374000000000000199e+01
7.240999999999999659e+01
6.357500000000000284e+01
6.282000000000000028e+01
6.099000000000000199e+01
6.274000000000000199e+01
6.279500000000000171e+01
6.779000000000000625e+01
6.454500000000000171e+01
6.842499999999999716e+01
6.571999999999999886e+01
6.759000000000000341e+01
6.203000000000000114e+01
6.674500000000000455e+01
6.817000000000000171e+01
7.115000000000000568e+01
6.367999999999999972e+01
5.863499999999999801e+01
6.493999999999999773e+01
6.573499999999999943e+01
6.246000000000000085e+01
6.087500000000000000e+01
6.662000000000000455e+01
6.843999999999999773e+01
6.735500000000000398e+01
6.957999999999999829e+01
5.971500000000000341e+01
7.162500000000000000e+01
6.389000000000000057e+01
6.537500000000000000e+01
7.405500000000000682e+01
6.700499999999999545e+01
7.351000000000000512e+01
6.575499999999999545e+01
6.447499999999999432e+01
7.359999999999999432e+01
6.310000000000000142e+01
6.470000000000000284e+01
6.687000000000000455e+01
6.675499999999999545e+01
6.643999999999999773e+01
6.957500000000000284e+01
6.656000000000000227e+01
6.252000000000000313e+01
7.119499999999999318e+01
6.561499999999999488e+01
6.308500000000000085e+01
5.997500000000000142e+01
6.498000000000000398e+01
6.664499999999999602e+01
6.404500000000000171e+01
6.091499999999999915e+01
6.355499999999999972e+01
6.652500000000000568e+01
6.381499999999999773e+01
5.774000000000000199e+01
6.267000000000000171e+01
6.232500000000000284e+01
7.014499999999999602e+01
6.395499999999999829e+01
6.153000000000000114e+01
6.411499999999999488e+01
5.614999999999999858e+01
7.082999999999999829e+01
6.107999999999999829e+01
6.738500000000000512e+01
6.752500000000000568e+01
6.546500000000000341e+01
6.478499999999999659e+01
6.209499999999999886e+01
6.662500000000000000e+01
6.384000000000000341e+01
6.289999999999999858e+01
6.601500000000000057e+01
6.183500000000000085e+01
7.123499999999999943e+01
6.079999999999999716e+01
6.280499999999999972e+01
6.443000000000000682e+01
6.313499999999999801e+01
6.540000000000000568e+01
6.103000000000000114e+01
6.106499999999999773e+01
6.959499999999999886e+01
6.361500000000000199e+01
6.607500000000000284e+01
5.663000000000000256e+01
6.391499999999999915e+01
7.275499999999999545e+01
6.587000000000000455e+01
6.964499999999999602e+01
6.454999999999999716e+01
5.972500000000000142e+01
6.793999999999999773e+01
6.092999999999999972e+01
6.539499999999999602e+01
6.723999999999999488e+01
6.493500000000000227e+01
5.917000000000000171e+01
6.748000000000000398e+01
5.927000000000000313e+01
5.515500000000000114e+01
6.473999999999999488e+01
5.997999999999999687e+01
6.289000000000000057e+01
6.429000000000000625e+01
6.370000000000000284e+01
6.895999999999999375e+01
6.564499999999999602e+01
6.559499999999999886e+01
5.977499999999999858e+01
5.507999999999999829e+01
6.456000000000000227e+01
5.896999999999999886e+01
6.265999999999999659e+01
6.697499999999999432e+01
5.663000000000000256e+01
6.836499999999999488e+01
7.052500000000000568e+01
6.468999999999999773e+01
6.576000000000000512e+01
6.726999999999999602e+01
6.080499999999999972e+01
6.652500000000000568e+01
5.379500000000000171e+01
6.450000000000000000e+01
6.649500000000000455e+01
6.161999999999999744e+01
7.137500000000000000e+01
7.328499999999999659e+01
6.668500000000000227e+01
6.270000000000000284e+01
6.078499999999999659e+01
6.663500000000000512e+01
6.296999999999999886e+01
6.123499999999999943e+01
6.386999999999999744e+01
6.779000000000000625e+01
6.184499999999999886e+01
6.545499999999999829e+01
6.756000000000000227e+01
6.893000000000000682e+01
6.845000000000000284e+01
6.477500000000000568e+01
6.754500000000000171e+01
6.421999999999999886e+01
7.353000000000000114e+01
6.764499999999999602e+01
7.107999999999999829e+01
5.999499999999999744e+01
6.857999999999999829e+01
6.929999999999999716e+01
6.453000000000000114e+01
6.110999999999999943e+01
6.285999999999999943e+01
6.479500000000000171e+01
6.664499999999999602e+01
6.856000000000000227e+01
6.259000000000000341e+01
5.721000000000000085e+01
7.137500000000000000e+01
5.690500000000000114e+01
6.368500000000000227e+01
6.570999999999999375e+01
6.412000000000000455e+01
6.431999999999999318e+01
6.169500000000000028e+01
6.220499999999999829e+01
6.254999999999999716e+01
6.269500000000000028e+01
6.867499999999999716e+01
5.861999999999999744e+01
7.012500000000000000e+01
6.537999999999999545e+01
6.654999999999999716e+01
5.370499999999999829e+01
7.057500000000000284e+01
6.668000000000000682e+01
6.682999999999999829e+01
7.048499999999999943e+01
6.660500000000000398e+01
7.023000000000000398e+01
6.957500000000000284e+01
5.907999999999999829e+01
6.247999999999999687e+01
5.870499999999999829e+01
6.114500000000000313e+01
6.267000000000000171e+01
6.535500000000000398e+01
6.740500000000000114e+01
6.693500000000000227e+01
6.548999999999999488e+01
6.646500000000000341e+01
6.282000000000000028e+01
6.851000000000000512e+01
7.077500000000000568e+01
6.515000000000000568e+01
6.858499999999999375e+01
6.684999999999999432e+01
7.067000000000000171e+01
6.570000000000000284e+01
6.173499999999999943e+01
6.467499999999999716e+01
6.410500000000000398e+01
7.263500000000000512e+01
6.583499999999999375e+01
6.565500000000000114e+01
6.367000000000000171e+01
6.404000000000000625e+01
6.555500000000000682e+01
6.013499999999999801e+01
6.554999999999999716e+01
6.959999999999999432e+01
6.876000000000000512e+01
6.851500000000000057e+01
6.314500000000000313e+01
6.548999999999999488e+01
6.554999999999999716e+01
7.125000000000000000e+01
6.170499999999999829e+01
6.565500000000000114e+01
6.925499999999999545e+01
6.542499999999999716e+01
6.093999999999999773e+01
6.683499999999999375e+01
6.454500000000000171e+01
6.383500000000000085e+01
6.726999999999999602e+01
6.554500000000000171e+01
6.678000000000000114e+01
7.064000000000000057e+01
6.275999999999999801e+01
6.970999999999999375e+01
5.971000000000000085e+01
6.764000000000000057e+01
6.446500000000000341e+01
6.503499999999999659e+01
6.651500000000000057e+01
6.469499999999999318e+01
6.662000000000000455e+01
6.200999999999999801e+01
6.487000000000000455e+01
6.498499999999999943e+01
6.435500000000000398e+01
6.089000000000000057e+01
6.850000000000000000e+01
6.857999999999999829e+01
7.337000000000000455e+01
6.154500000000000171e+01
6.526999999999999602e+01
6.124499999999999744e+01
6.773000000000000398e+01
6.276500000000000057e+01
6.368500000000000227e+01
6.792000000000000171e+01
6.207000000000000028e+01
6.985500000000000398e+01
7.059000000000000341e+01
6.502500000000000568e+01
7.027500000000000568e+01
5.778000000000000114e+01
6.416500000000000625e+01
6.372999999999999687e+01
6.861499999999999488e+01
6.889499999999999602e+01
6.987999999999999545e+01
6.057500000000000284e+01
6.663500000000000512e+01
6.360499999999999687e+01
5.168500000000000227e+01
6.110999999999999943e+01
7.638500000000000512e+01
5.611999999999999744e+01
6.206499999999999773e+01
6.923999999999999488e+01
6.904999999999999716e+01
6.506499999999999773e+01
6.831000000000000227e+01
6.943999999999999773e+01
6.384499999999999886e+01
6.324000000000000199e+01
6.453000000000000114e+01
6.139000000000000057e+01
6.739000000000000057e+01
6.915999999999999659e+01
6.476500000000000057e+01
6.257000000000000028e+01
6.834000000000000341e+01
6.441500000000000625e+01
6.785500000000000398e+01
6.734999999999999432e+01
6.143999999999999773e+01
6.745499999999999829e+01
7.204999999999999716e+01
6.435500000000000398e+01
5.670000000000000284e+01
6.236999999999999744e+01
7.145000000000000284e+01
6.153499999999999659e+01
6.203499999999999659e+01
6.739499999999999602e+01
6.696999999999999886e+01
6.757999999999999829e+01
6.278499999999999659e+01
6.332999999999999829e+01
6.532500000000000284e+01
6.931000000000000227e+01
6.454999999999999716e+01
6.221000000000000085e+01
6.245499999999999829e+01
6.269500000000000028e+01
5.908500000000000085e+01
6.218500000000000227e+01
6.445000000000000284e+01
6.768000000000000682e+01
6.282000000000000028e+01
6.940500000000000114e+01
6.696500000000000341e+01
7.626000000000000512e+01
6.268500000000000227e+01
6.221000000000000085e+01
7.099500000000000455e+01
6.420000000000000284e+01
7.039000000000000057e+01
6.177000000000000313e+01
6.929000000000000625e+01
6.556999999999999318e+01
6.071999999999999886e+01
6.405500000000000682e+01
6.238000000000000256e+01
6.295499999999999829e+01
6.750000000000000000e+01
6.260999999999999943e+01
7.169499999999999318e+01
5.621000000000000085e+01
6.342999999999999972e+01
5.692000000000000171e+01
6.551999999999999602e+01
6.079999999999999716e+01
6.629500000000000171e+01
6.564000000000000057e+01
6.328499999999999659e+01
6.748999999999999488e+01
7.170499999999999829e+01
5.967499999999999716e+01
6.593000000000000682e+01
6.556999999999999318e+01
6.259000000000000341e+01
6.623499999999999943e+01
6.763500000000000512e+01
6.516500000000000625e+01
6.806000000000000227e+01
5.741499999999999915e+01
6.614000000000000057e+01
5.899000000000000199e+01
6.640000000000000568e+01
6.257999999999999829e+01
6.585500000000000398e+01
7.312999999999999545e+01
6.059000000000000341e+01
6.839000000000000057e+01
6.867000000000000171e+01
5.963000000000000256e+01
6.175999999999999801e+01
6.515999999999999659e+01
6.465500000000000114e+01
6.584499999999999886e+01
7.464000000000000057e+01
6.401500000000000057e+01
6.283500000000000085e+01
6.904500000000000171e+01
6.983499999999999375e+01
6.463500000000000512e+01
5.885499999999999687e+01
6.993999999999999773e+01
6.272500000000000142e+01
6.265999999999999659e+01
5.471500000000000341e+01
6.553000000000000114e+01
7.109000000000000341e+01
6.759999999999999432e+01
7.064000000000000057e+01
6.934999999999999432e+01
6.801500000000000057e+01
5.885000000000000142e+01
6.606000000000000227e+01
6.808499999999999375e+01
5.941499999999999915e+01
6.386999999999999744e+01
6.350500000000000256e+01
6.551000000000000512e+01
6.652500000000000568e+01
5.675500000000000256e+01
5.757500000000000284e+01
6.003499999999999659e+01
6.557999999999999829e+01
5.924000000000000199e+01
6.535999999999999943e+01
6.511499999999999488e+01
6.853000000000000114e+01
6.890000000000000568e+01
6.454000000000000625e+01
6.328999999999999915e+01
6.446999999999999886e+01
6.576500000000000057e+01
6.626500000000000057e+01
6.103000000000000114e+01
6.741500000000000625e+01
7.170000000000000284e+01
6.756000000000000227e+01
6.246999999999999886e+01
6.734499999999999886e+01
5.970499999999999829e+01
6.581499999999999773e+01
6.670999999999999375e+01
6.739499999999999602e+01
5.555499999999999972e+01
6.012500000000000000e+01
6.134000000000000341e+01
6.826500000000000057e+01
6.006000000000000227e+01
6.761499999999999488e+01
7.079000000000000625e+01
7.387000000000000455e+01
5.671000000000000085e+01
6.511499999999999488e+01
6.238000000000000256e+01
5.960000000000000142e+01
5.785499999999999687e+01
6.064500000000000313e+01
6.245000000000000284e+01
6.509499999999999886e+01
7.017499999999999716e+01
6.142499999999999716e+01
6.495999999999999375e+01
6.651000000000000512e+01
6.190500000000000114e+01
6.008500000000000085e+01
6.289500000000000313e+01
5.560000000000000142e+01
6.418999999999999773e+01
6.806000000000000227e+01
6.835999999999999943e+01
6.428000000000000114e+01
6.576000000000000512e+01
6.249000000000000199e+01
6.265999999999999659e+01
6.353000000000000114e+01
6.821999999999999886e+01
5.928999999999999915e+01
6.245499999999999829e+01
5.859000000000000341e+01
5.842999999999999972e+01
5.960999999999999943e+01
6.621500000000000341e+01
6.584999999999999432e+01
6.414000000000000057e+01
5.872500000000000142e+01
5.972999999999999687e+01
6.634000000000000341e+01
6.382500000000000284e+01
6.625000000000000000e+01
6.946999999999999886e+01
6.451000000000000512e+01
6.381000000000000227e+01
6.421500000000000341e+01
6.081499999999999773e+01
6.648999999999999488e+01
6.305499999999999972e+01
6.273499999999999943e+01
6.202000000000000313e+01
6.612000000000000455e+01
6.392000000000000171e+01
6.638500000000000512e+01
6.335999999999999943e+01
6.202000000000000313e+01
6.823499999999999943e+01
6.912500000000000000e+01
6.235499999999999687e+01
6.153999999999999915e+01
6.235999999999999943e+01
5.964999999999999858e+01
6.431999999999999318e+01
6.985999999999999943e+01
6.798999999999999488e+01
6.080499999999999972e+01
7.314499999999999602e+01
6.786499999999999488e+01
5.995000000000000284e+01
6.915000000000000568e+01
6.767499999999999716e+01
5.724499999999999744e+01
5.933500000000000085e+01
6.203499999999999659e+01
6.331499999999999773e+01
6.726500000000000057e+01
7.343000000000000682e+01
6.789499999999999602e+01
6.576999999999999602e+01
6.601500000000000057e+01
6.286500000000000199e+01
6.344500000000000028e+01
5.852000000000000313e+01
6.662000000000000455e+01
6.304999999999999716e+01
6.560999999999999943e+01
6.499500000000000455e+01
6.504999999999999716e+01
5.813000000000000256e+01
6.189500000000000313e+01
5.907000000000000028e+01
6.284000000000000341e+01
6.347999999999999687e+01
6.352499999999999858e+01
6.008500000000000085e+01
6.944499999999999318e+01
7.389000000000000057e+01
5.726500000000000057e+01
6.174000000000000199e+01
6.318500000000000227e+01
5.976500000000000057e+01
7.023999999999999488e+01
5.833500000000000085e+01
6.739000000000000057e+01
6.532500000000000284e+01
6.453000000000000114e+01
6.161500000000000199e+01
7.389000000000000057e+01
5.925000000000000000e+01
5.886999999999999744e+01
6.779000000000000625e+01
7.140999999999999659e+01
6.838500000000000512e+01
6.888500000000000512e+01
6.800499999999999545e+01
6.242000000000000171e+01
7.306999999999999318e+01
6.924500000000000455e+01
6.854999999999999716e+01
6.379500000000000171e+01
6.510999999999999943e+01
6.154999999999999716e+01
6.445499999999999829e+01
7.149500000000000455e+01
6.160499999999999687e+01
5.752499999999999858e+01
6.570000000000000284e+01
5.947500000000000142e+01
6.270000000000000284e+01
6.023499999999999943e+01
6.186500000000000199e+01
6.127499999999999858e+01
6.820000000000000284e+01
7.033499999999999375e+01
7.120999999999999375e+01
6.526500000000000057e+01
6.509999999999999432e+01
7.099500000000000455e+01
7.109000000000000341e+01
7.162500000000000000e+01
6.401000000000000512e+01
6.815000000000000568e+01
6.747499999999999432e+01
6.746999999999999886e+01
6.611499999999999488e+01
6.490500000000000114e+01
6.323499999999999943e+01
5.817499999999999716e+01
6.726500000000000057e+01
7.511499999999999488e+01
7.204999999999999716e+01
6.352000000000000313e+01
6.509999999999999432e+01
6.465500000000000114e+01
5.842499999999999716e+01
6.504999999999999716e+01
6.274000000000000199e+01
6.867499999999999716e+01
7.053000000000000114e+01
6.569499999999999318e+01
6.752500000000000568e+01
6.277000000000000313e+01
6.217499999999999716e+01
6.747499999999999432e+01
6.348499999999999943e+01
6.659999999999999432e+01
7.114499999999999602e+01
7.167499999999999716e+01
7.353000000000000114e+01
6.519499999999999318e+01
6.874500000000000455e+01
6.404500000000000171e+01
6.715500000000000114e+01
6.726999999999999602e+01
6.180499999999999972e+01
6.247999999999999687e+01
6.728499999999999659e+01
6.307500000000000284e+01
6.456000000000000227e+01
6.339000000000000057e+01
6.156499999999999773e+01
6.399000000000000199e+01
6.113000000000000256e+01
6.585500000000000398e+01
6.466500000000000625e+01
5.688499999999999801e+01
6.381499999999999773e+01
6.566500000000000625e+01
6.864000000000000057e+01
7.398000000000000398e+01
6.000000000000000000e+01
6.180499999999999972e+01
6.389000000000000057e+01
6.723999999999999488e+01
6.665000000000000568e+01
6.195499999999999829e+01
6.664499999999999602e+01
6.839499999999999602e+01
6.225999999999999801e+01
6.497499999999999432e+01
6.403499999999999659e+01
6.722499999999999432e+01
6.706999999999999318e+01
6.562999999999999545e+01
6.525000000000000000e+01
6.576999999999999602e+01
6.923999999999999488e+01
7.362500000000000000e+01
6.450499999999999545e+01
6.102000000000000313e+01
5.955499999999999972e+01
6.543500000000000227e+01
5.536999999999999744e+01
6.127499999999999858e+01
6.318500000000000227e+01
6.071999999999999886e+01
6.862000000000000455e+01
6.324499999999999744e+01
7.051000000000000512e+01
6.834000000000000341e+01
6.420999999999999375e+01
6.505500000000000682e+01
6.669499999999999318e+01
6.548000000000000398e+01
6.300000000000000000e+01
6.787000000000000455e+01
6.283500000000000085e+01
6.203499999999999659e+01
6.726000000000000512e+01
5.931499999999999773e+01
6.629999999999999716e+01
6.500000000000000000e+01
6.263000000000000256e+01
6.762999999999999545e+01
7.565000000000000568e+01
5.965999999999999659e+01
6.729999999999999716e+01
6.704500000000000171e+01
6.770999999999999375e+01
6.543500000000000227e+01
6.378499999999999659e+01
6.842000000000000171e+01
6.328999999999999915e+01
6.301500000000000057e+01
6.476500000000000057e+01
6.422499999999999432e+01
6.515000000000000568e+01
6.844499999999999318e+01
6.751000000000000512e+01
5.670499999999999829e+01
6.539499999999999602e+01
5.941499999999999915e+01
6.029500000000000171e+01
6.178000000000000114e+01
6.459000000000000341e+01
7.126999999999999602e+01
6.199499999999999744e+01
6.399000000000000199e+01
6.655500000000000682e+01
6.328999999999999915e+01
6.314500000000000313e+01
6.950000000000000000e+01
7.061499999999999488e+01
6.819499999999999318e+01
6.862500000000000000e+01
6.350999999999999801e+01
6.697499999999999432e+01
6.372999999999999687e+01
