-4.191086702026641103e-02 9.999646363160907825e-01 -8.409882117380926628e-03
-4.322343277986270826e-02 9.999799558950768219e-01 -6.331493353099317684e-03
-4.550891034210218650e-02 9.999959419757008527e-01 -2.848865060076935084e-03
-4.876753819792858241e-02 9.999979123646205448e-01 2.043346862523724890e-03
-5.299964486092374055e-02 9.999651175387701540e-01 8.352467041171934489e-03
-5.820564070152003250e-02 9.998705858514415068e-01 1.608762098928646217e-02
-6.438600713942954634e-02 9.996809279933803749e-01 2.525949734839367383e-02
-7.073021008998300885e-02 9.993976665887173150e-01 3.470308368181179021e-02
-7.723883784473314917e-02 9.990124416578820554e-01 4.443131117530640245e-02
-8.391251096361702910e-02 9.985160688268236440e-01 5.445787633231694708e-02
-9.075182785341318059e-02 9.978985354663566509e-01 6.479593285153409377e-02
-9.775743474306695935e-02 9.971488491205900973e-01 7.545974223042609119e-02
-1.041191933193358482e-01 9.963559217685329372e-01 8.529289042339499582e-02
-1.106485191592997963e-01 9.954313661939805380e-01 9.547981565328592102e-02
-1.173460353506899090e-01 9.943624758848196299e-01 1.060342706496892606e-01
-1.242122985657358875e-01 9.931356262490035336e-01 1.169684909494844438e-01
-1.312479547839634220e-01 9.917358258376477442e-01 1.282967332012739381e-01
-1.376434800030706396e-01 9.903097643171240305e-01 1.388760983688774042e-01
-1.442096739864727195e-01 9.887045776687740650e-01 1.498774769497109305e-01
-1.509471577222084582e-01 9.869030385631754054e-01 1.613145761385854915e-01
-1.578564269127738229e-01 9.848869743850602321e-01 1.731982900800164704e-01
-1.652618130249935424e-01 9.825502552303623238e-01 1.859973009125394650e-01
-1.723546563700878720e-01 9.800831079281867586e-01 1.985877678857034812e-01
-1.788123154316609009e-01 9.775856330408905226e-01 2.105381914808839572e-01
-1.854442502559874861e-01 9.748207347929064293e-01 2.229899886044623969e-01
-1.925742701652995437e-01 9.716557375529414342e-01 2.364003546538148981e-01
-1.997178881253511840e-01 9.682172752155819850e-01 2.501105914872742697e-01
-2.065527857569205705e-01 9.646057400969427764e-01 2.636963522160087336e-01
-2.130797990641553896e-01 9.608191672856659649e-01 2.771759870127272762e-01
-2.196224383391451040e-01 9.567230387618536058e-01 2.910000465674957293e-01
-2.261812196221866800e-01 9.522947220136304125e-01 3.051798853544944179e-01
-2.327566313272760312e-01 9.475099603616439214e-01 3.197262501194979567e-01
-2.393491291439915902e-01 9.423427903610472889e-01 3.346491677183063285e-01
-2.459591303066448742e-01 9.367654588511503677e-01 3.499578190345138395e-01
-2.525870071764814151e-01 9.307483405800978105e-01 3.656603977837830644e-01
-2.592330800809177216e-01 9.242598575135757555e-01 3.817639529722322567e-01
-2.658976093525852180e-01 9.172664011408859785e-01 3.982742137498324064e-01
-2.725807865104967198e-01 9.097322593198651219e-01 4.151953953896569960e-01
-2.792827245261501057e-01 9.016195494549006373e-01 4.325299851348365920e-01
-2.860034471190692207e-01 8.928881600800391283e-01 4.502785066921165535e-01
-2.927428770294032145e-01 8.834957032216830264e-01 4.684392622195794886e-01
-2.995008232200418452e-01 8.733974802416728522e-01 4.870080507625070276e-01
-3.062769669675613482e-01 8.625464642097989687e-01 5.059778622421872152e-01
-3.130708468105121156e-01 8.508933022220607212e-01 5.253385463047962611e-01
-3.198818423354321538e-01 8.383863414631455013e-01 5.450764555987002158e-01
-3.267091567958637088e-01 8.249716832030618008e-01 5.651740633761488386e-01
-3.335517985778977401e-01 8.105932693115400767e-01 5.856095557168010668e-01
-3.399339370828868834e-01 7.955296611997959566e-01 6.059146459290598585e-01
-3.460134538600564968e-01 7.796389025221127644e-01 6.262293363250523992e-01
-3.524208505561914340e-01 7.624124830182176238e-01 6.470913426541853308e-01
-3.594677911571769191e-01 7.435407290798843327e-01 6.686906491041683109e-01
-3.674638093835951302e-01 7.226918129252732914e-01 6.911704156941193000e-01
-3.764021935528706342e-01 6.997548248924690961e-01 7.143830800345917220e-01
-3.862754554418473818e-01 6.746213132446001737e-01 7.381639951366708585e-01
-3.970753015992436463e-01 6.471875725840611215e-01 7.623307982055759213e-01
-4.087926151144499198e-01 6.173571434829507876e-01 7.866830094711411148e-01
-4.214174500917051147e-01 5.850435036032302083e-01 8.110019105351460311e-01
-4.349390410385524097e-01 5.501729214834379933e-01 8.350507508327736916e-01
-4.490371785762842793e-01 5.128944680119695843e-01 8.584516670626941570e-01
-4.633931774903852774e-01 4.733763297171972861e-01 8.808602899799010677e-01
-4.779975180883783703e-01 4.315955810548944838e-01 9.020672116942771712e-01
-4.928401185190252609e-01 3.875453113185632348e-01 9.218506558412798979e-01
-5.079103758230215648e-01 3.412367563450714458e-01 9.399773806422653255e-01
-5.231972203256152198e-01 2.927014665053842002e-01 9.562038754918311678e-01
-5.386891844708354693e-01 2.419934808379192170e-01 9.702778752666411100e-01
-5.539186633434217688e-01 1.893374835626244201e-01 9.819120720910671229e-01
-5.688748466185158392e-01 1.348310273787416413e-01 9.908686058484208470e-01
-5.840017701640545233e-01 7.847269207931212298e-02 9.969162635837703901e-01
-5.992874494726041501e-01 2.042428174742522140e-02 9.997914026011134325e-01
-6.147200870480880042e-01 -3.912067859616386034e-02 9.992344932527977841e-01
-6.302882443120837452e-01 -9.993566513958324071e-02 9.949939009024674208e-01
-6.462844526639489606e-01 -1.617078541761384214e-01 9.868386747071421494e-01
-6.626991273869374810e-01 -2.241354621355233223e-01 9.745579996148486801e-01
-6.792198216179674564e-01 -2.869527600739663620e-01 9.579447340457238891e-01
-6.958386244446866931e-01 -3.497988052717676544e-01 9.368248480001177825e-01
-7.125491027201610317e-01 -4.122808119237080238e-01 9.110568215646749346e-01
-7.293465645552218435e-01 -4.739765958450832262e-01 8.805374419018798804e-01
-7.462283251597303657e-01 -5.344380460769543317e-01 8.452076519444479130e-01
-7.631939668940902477e-01 -5.931957342184275284e-01 8.050582717450088799e-01
-7.802455831814317788e-01 -6.497647475774195325e-01 7.601353647908064559e-01
-7.969188878055564196e-01 -7.039751167034014045e-01 7.102246370426981148e-01
-8.127463927107085873e-01 -7.555930983601530926e-01 6.550412732878012623e-01
-8.277298896381984905e-01 -8.040034683642174329e-01 5.946246066707203681e-01
-8.418748954987098632e-01 -8.485620206559360001e-01 5.290959242900240556e-01
-8.551911317270300961e-01 -8.886071888706696953e-01 4.586690134371035343e-01
-8.684945071706342556e-01 -9.230720338937912217e-01 3.846271184448379343e-01
-8.818091744092668716e-01 -9.515475388793728229e-01 3.075016768289378088e-01
-8.941955183239884697e-01 -9.739830015356886195e-01 2.266210773946909784e-01
-9.055179807009193782e-01 -9.898183611808523130e-01 1.423362633669020549e-01
-9.158071615423980516e-01 -9.984686580681508827e-01 5.532032949636057906e-02
-9.250987291255786671e-01 -9.994339435511478964e-01 -3.364212356259746461e-02
-9.334327811272742359e-01 -9.923235196082249576e-01 -1.236690439533870423e-01
-9.408529177968768531e-01 -9.768771653759869000e-01 -2.138013184406887257e-01
-9.482118653538011976e-01 -9.533251338397269459e-01 -3.019456725794668617e-01
-9.555508057579543690e-01 -9.219973750637310284e-01 -3.871961264986901186e-01
-9.625858119285360948e-01 -8.831278447668170495e-01 -4.691324011380121339e-01
-9.693544044130527615e-01 -8.371789317669267039e-01 -5.469290961409783991e-01
-9.754138577239640506e-01 -7.843439267914681379e-01 -6.203262081399915084e-01
-9.807985867594007923e-01 -7.251730346099896085e-01 -6.885666778711693192e-01
-9.856948903668293349e-01 -6.604326163658034154e-01 -7.508853169693887608e-01
-9.902814437143685478e-01 -5.909821273696274080e-01 -8.066846503620044295e-01
-9.945740136397985820e-01 -5.176080704806185206e-01 -8.556178383912591556e-01
-9.985831462412000370e-01 -4.411103021907579191e-01 -8.974528964247528995e-01
-1.002161368281543563e+00 -3.621986179129217942e-01 -9.321009393740409266e-01
-1.006073027391209296e+00 -2.820047793579895101e-01 -9.594129999219584981e-01
-1.011223840182398082e+00 -2.016228773389170947e-01 -9.794632281681512342e-01
-1.017598900977489951e+00 -1.215980411971366859e-01 -9.925794257272408938e-01
-1.025182788839038572e+00 -4.239962902244065468e-02 -9.991007313873608853e-01
-1.033960042942150492e+00 3.557068384249867377e-02 -9.993671629841440751e-01
-1.043915530125720359e+00 1.119704987694407627e-01 -9.937115312832606184e-01
-1.054731178002741299e+00 1.864489497902399595e-01 -9.824646503168023015e-01
-1.066088404633427356e+00 2.586593752536707203e-01 -9.659685955523507062e-01
-1.077971887845311061e+00 3.283377046189241977e-01 -9.445604013114121678e-01
-1.090366650580353758e+00 3.952594763112855514e-01 -9.185695109169083050e-01
-1.103411651617975942e+00 4.593175987222807843e-01 -8.882721111821523241e-01
-1.117247931606785594e+00 5.204394701192757156e-01 -8.538985641995000542e-01
-1.131555169291297069e+00 5.782929355495982637e-01 -8.158291982354076710e-01
-1.146010335730115681e+00 6.325690577291113170e-01 -7.745039620322829998e-01
-1.160910968789856890e+00 6.834004991486510860e-01 -7.300436683948259287e-01
-1.176245398870853442e+00 7.306941228334526972e-01 -6.827049866938509348e-01
-1.192003567053965263e+00 7.743894911013238236e-01 -6.327091875987204128e-01
-1.208491528686539640e+00 8.146238404762482510e-01 -5.799896538109350352e-01
-1.225543643571817221e+00 8.511903774773574849e-01 -5.248570674859525109e-01
-1.242992798569609869e+00 8.839113251990192710e-01 -4.676545404301272191e-01
-1.260830252904682425e+00 9.127250498048683491e-01 -4.085743303961965056e-01
-1.279368905905498899e+00 9.377173056441505672e-01 -3.473992727330828534e-01
-1.297957352509852447e+00 9.584897825786582448e-01 -2.851268782354907660e-01
-1.316586453595732786e+00 9.750561714385995726e-01 -2.219582450360886583e-01
-1.336217042423199830e+00 9.876375245489360521e-01 -1.567549683514046777e-01
-1.356842531587096445e+00 9.959722631044580776e-01 -8.966187108567451325e-02
-1.378454683864579922e+00 9.997824050070850399e-01 -2.086007282463787568e-02
-1.401043337965704128e+00 9.987777400374822090e-01 4.942697649684527766e-02
-1.424596148097225567e+00 9.926613094203295962e-01 1.209277667862794642e-01
-1.449098349927763207e+00 9.811362360717262865e-01 1.933175787842535687e-01
-1.474209468207586582e+00 9.640357191961069772e-01 2.657727076169503211e-01
-1.499911008552612612e+00 9.411869267068269096e-01 3.378863255536659893e-01
-1.525701489019282819e+00 9.127019744060610451e-01 4.086258752395371396e-01
-1.551561816066133970e+00 8.785929990300533898e-01 4.775712952590184801e-01
-1.577474120061146401e+00 8.388715226243322887e-01 5.443294668947606940e-01
-1.602942194687921651e+00 7.939494091747992810e-01 6.079838284617340438e-01
-1.627951013309405948e+00 7.439783263665861179e-01 6.682037487898233596e-01
-1.652014093576095410e+00 6.894990928299445931e-01 7.242865461864410603e-01
-1.674964353426079411e+00 6.308686533733840474e-01 7.758896456267818653e-01
-1.696792267284310762e+00 5.683261473488750992e-01 8.228033727687220633e-01
-1.717950742418940857e+00 5.017863433813809504e-01 8.649915985695715293e-01
-1.738886047796706524e+00 4.311668879604790838e-01 9.022721954745561712e-01
-1.759578125119654279e+00 3.567396141653645936e-01 9.342038576698059593e-01
-1.780006754840215866e+00 2.788256837918680064e-01 9.603417298326660800e-01
-1.800151779844952005e+00 1.978003490248488871e-01 9.802423281646471809e-01
-1.817168864785887683e+00 1.148223715867839889e-01 9.933860392532132266e-01
-1.830190050784939571e+00 3.030191456971148556e-02 9.995407915505049035e-01
-1.839944828311298020e+00 -5.570090359674456648e-02 9.984474995404145625e-01
-1.847025269044597406e+00 -1.429023889080031084e-01 9.897367868501127930e-01
-1.851922763804544791e+00 -2.308097187892334534e-01 9.729989073541834843e-01
-1.855050435017855603e+00 -3.187372011635803415e-01 9.478431286844924974e-01
-1.856717588205038183e+00 -4.058459657171015200e-01 9.139414927177521575e-01
-1.857218427483914081e+00 -4.911355899594340157e-01 8.710831374072159905e-01
-1.856728636624245921e+00 -5.735461923138744922e-01 8.191732205597642702e-01
-1.855219939680891938e+00 -6.520446108428583631e-01 7.581806021462071943e-01
-1.852697467393823016e+00 -7.255039001050618275e-01 6.882180547852144725e-01
-1.849173801390950223e+00 -7.927381900064680575e-01 6.095622709004134832e-01
-1.844670181513000440e+00 -8.525286936688211137e-01 5.226804248021282850e-01
-1.839057714784523734e+00 -9.037455281272211982e-01 4.280701115355404207e-01
-1.832376305977962971e+00 -9.451595104025839467e-01 3.266090934060898454e-01
-1.824837889018245951e+00 -9.755840302317619894e-01 2.196265010347171753e-01
-1.816505043039646328e+00 -9.940965589709614969e-01 1.084989928160332850e-01
-1.807449181280956774e+00 -9.999864673549135885e-01 -5.202413578354218165e-03
-1.797748487562453201e+00 -9.928031447329720427e-01 -1.197577379893318000e-01
-1.787485203106521148e+00 -9.723909557684528027e-01 -2.333577278337162497e-01
-1.776742500589833407e+00 -9.389063855822737947e-01 -3.441726298136307260e-01
-1.765601256962775034e+00 -8.928151828128572109e-01 -4.504231891664151055e-01
-1.754137048836223789e+00 -8.348702729789960753e-01 -5.504467524620131336e-01
-1.742575651699258987e+00 -7.661937766221498247e-01 -6.426095989521843910e-01
-1.731129726261281698e+00 -6.881520174367995457e-01 -7.255665378844744495e-01
-1.719841174180134713e+00 -6.021331014875118681e-01 -7.983957214896818533e-01
-1.708740739132185382e+00 -5.095842334783707850e-01 -8.604207743832439359e-01
-1.698462581654055281e+00 -4.123545767356099345e-01 -9.110234371547178966e-01
-1.689621584074052940e+00 -3.122208725700786891e-01 -9.500095403371372482e-01
-1.682207361841454585e+00 -2.104370880166700486e-01 -9.776074017656903870e-01
-1.676205355270981245e+00 -1.081260458680312064e-01 -9.941371928486250065e-01
-1.671598225544870031e+00 -6.288508977114026788e-03 -9.999802271319393476e-01
-1.667760789294399970e+00 9.416003217565394046e-02 -9.955570743762909292e-01
-1.664065552453322994e+00 1.922843865903435812e-01 -9.813392454567255729e-01
-1.660487944961968942e+00 2.872112381163762218e-01 -9.578672688319913586e-01
-1.656695350943125478e+00 3.780332596462127048e-01 -9.257920147642554332e-01
-1.652656689964497660e+00 4.640723260811481787e-01 -8.857973109948078516e-01
-1.648646673898704229e+00 5.448921236096698761e-01 -8.385061559870290449e-01
-1.644944368560466774e+00 6.201974173685200764e-01 -7.844457683545864590e-01
-1.641208798403212876e+00 6.893264288592704236e-01 -7.244508778903682167e-01
-1.637409305504813339e+00 7.519711364460966996e-01 -6.591960330220181241e-01
-1.634144994967694720e+00 8.082538518871643651e-01 -5.888341964505472426e-01
-1.631391689016151281e+00 8.578517589610332728e-01 -5.138972267364957380e-01
-1.629284697752258593e+00 9.005552481380836305e-01 -4.347415842209654269e-01
-1.627800255302088273e+00 9.360413452705611537e-01 -3.518900395636088696e-01
-1.626752837755780501e+00 9.639479852205453669e-01 -2.660907397660639551e-01
-1.626115627582262801e+00 9.840424909852605317e-01 -1.779336278940082394e-01
-1.625536718472681885e+00 9.960767148732104781e-01 -8.849394378935294958e-02
-1.624986801460004404e+00 9.999987462594093213e-01 1.583502323835634176e-03
-1.625085045752147739e+00 9.957045859656741271e-01 9.258713456482847715e-02
-1.626124097711107330e+00 9.828721753759546154e-01 1.842885966948000220e-01
-1.627745268691429548e+00 9.613115356161378022e-01 2.754634848602319219e-01
-1.629589329455547464e+00 9.310563361222876644e-01 3.648754567883974453e-01
-1.631139389307900478e+00 8.924466673282790419e-01 4.511529075320784843e-01
-1.631884792458893285e+00 8.460765853048919372e-01 5.330613583808281319e-01
-1.631800106106231274e+00 7.923696905379272737e-01 6.100412064089026920e-01
-1.630861285295964525e+00 7.317590864824081720e-01 6.815633788213913968e-01
-1.629045305386485065e+00 6.646877777247350849e-01 7.471212472841026742e-01
-1.626329829896745460e+00 5.916113227391128770e-01 8.062233206791262763e-01
-1.622692931328664878e+00 5.130025155355614208e-01 8.583871032664609491e-01
-1.618881019950917377e+00 4.288685272359816225e-01 9.033669167876583472e-01
-1.615629765796258166e+00 3.392927373441054217e-01 9.406808376838257102e-01
-1.612902850098095309e+00 2.449729773700040081e-01 9.695299068922399455e-01
-1.609755769037102269e+00 1.470098201267067139e-01 9.891350326352379430e-01
-1.606162653530446294e+00 4.631091816477778123e-02 9.989270738440995112e-01
-1.603010194745539296e+00 -5.631191669551743884e-02 9.984132250917339135e-01
-1.600278858582571129e+00 -1.597112226093246878e-01 9.871637783937550203e-01
-1.597955599844316898e+00 -2.626477743438657142e-01 9.648917797516018968e-01
-1.596034818229094210e+00 -3.638077410738737028e-01 9.314740616542821483e-01
-1.594519264486847554e+00 -4.618247796354006951e-01 8.869711793033150382e-01
-1.593420841078891703e+00 -5.553076179956635272e-01 8.316450260754177926e-01
-1.591828965079117086e+00 -6.434800985641110360e-01 7.654628421758447043e-01
-1.588825823875544163e+00 -7.254901116514480552e-01 6.882325899693861881e-01
-1.584427727494093219e+00 -7.997651957487400542e-01 6.003129447787874939e-01
-1.579299210466089898e+00 -8.642921439082966728e-01 5.029901489874332166e-01
-1.574130075169279941e+00 -9.173391810467398377e-01 3.981065522149777047e-01
-1.568991135057061781e+00 -9.578646262427882307e-01 2.872200511676784029e-01
-1.563961834340768409e+00 -9.850832524183915639e-01 1.720784292257555859e-01
-1.559127657965877267e+00 -9.985103640351686849e-01 5.456237636278985642e-02
-1.554739142904059568e+00 -9.980040728156809315e-01 -6.314958941523658720e-02
-1.551045477710548015e+00 -9.838657016670384614e-01 -1.789085830339782190e-01
-1.548127690469777606e+00 -9.567437611272606723e-01 -2.909319087760284805e-01
-1.546057974403892255e+00 -9.175453136337698989e-01 -3.976312329642968657e-01
-1.544897860974908443e+00 -8.673763393569534630e-01 -4.976527764654095631e-01
-1.544697299702878945e+00 -8.074780924603978116e-01 -5.898975590698077864e-01
-1.545494572166684843e+00 -7.391659999566745354e-01 -6.735232917338859204e-01
-1.546691235364081374e+00 -6.632901233614028058e-01 -7.483623535769385882e-01
-1.547691282005872360e+00 -5.805935749142574487e-01 -8.141935278349259342e-01
-1.548521444640362343e+00 -4.922944711348131719e-01 -8.704287183279827422e-01
-1.549199644601747750e+00 -3.996365553579799834e-01 -9.166736734637949136e-01
-1.549888112061087453e+00 -3.039353157438586805e-01 -9.526926701952109777e-01
-1.550739697338725520e+00 -2.064538943697964424e-01 -9.784563298888432348e-01
-1.551747443865931109e+00 -1.083052829405435347e-01 -9.941176820111232715e-01
-1.552899174476968236e+00 -1.052507854250722685e-02 -9.999446098268013339e-01
-1.554178361271613573e+00 8.593536726698675077e-02 -9.963007139677698687e-01
-1.555564926788594926e+00 1.802125778552877144e-01 -9.836276870761375690e-01
-1.557035968401643489e+00 2.715321222146390157e-01 -9.624293774639333110e-01
-1.558566405661056198e+00 3.592079471626433151e-01 -9.332575478908271549e-01
-1.560129554783772354e+00 4.426403487715869223e-01 -8.966992370016647618e-01
-1.561697636506015563e+00 5.213129342308960856e-01 -8.533655867232833314e-01
-1.562932551418321436e+00 5.945912776044515180e-01 -8.040281167948706287e-01
-1.564425831233817066e+00 6.625626157077519895e-01 -7.490065288543897859e-01
-1.566150656660681317e+00 7.248652001008019097e-01 -6.888907327601557773e-01
-1.567138713321244214e+00 7.806377870961463961e-01 -6.249837160739720732e-01
-1.567355470127316464e+00 8.298105277839432636e-01 -5.580452382907081788e-01
-1.566768153305200473e+00 8.723978897860956705e-01 -4.887964012723160501e-01
-1.565986192217883932e+00 9.088316099872082443e-01 -4.171631631484963298e-01
-1.565628245982788824e+00 9.393834753828190776e-01 -3.428683219221287382e-01
-1.565676789204373920e+00 9.638909158264368227e-01 -2.662973946310267515e-01
-1.566113941308099111e+00 9.821989305163120187e-01 -1.878437140087811652e-01
-1.566921296729705260e+00 9.941604321143254763e-01 -1.079121643664767705e-01
-1.568079757724400336e+00 9.996375141106053075e-01 -2.692285985495292827e-02
-1.569569377133158250e+00 9.985036341597489651e-01 5.468539631176144028e-02
-1.571369218558426262e+00 9.906466786771505051e-01 1.364520356239899423e-01
-1.573457241190488132e+00 9.759728445948597786e-01 2.178921903451735143e-01
-1.575810215950800286e+00 9.544112454243776078e-01 2.984948485443065791e-01
-1.577921242588117057e+00 9.261692074496841176e-01 3.771082061849411748e-01
-1.579287795806359140e+00 8.916747419966764010e-01 4.526766555557734661e-01
-1.579893120462522615e+00 8.512061370302032026e-01 5.248315084692599664e-01
-1.579721327448382118e+00 8.050380864288422256e-01 5.932231278355454274e-01
-1.578757097101990858e+00 7.534419752860964659e-01 6.575144027905283073e-01
-1.576985403878568892e+00 6.966875569353998543e-01 7.173746915046446126e-01
-1.574703146065096648e+00 6.348090867125755210e-01 7.726690257976864817e-01
-1.571892104753640940e+00 5.680463933037053215e-01 8.229965340477760627e-01
-1.568224044871601608e+00 4.969090168257084827e-01 8.678026440368269423e-01
-1.563529231477329251e+00 4.218053164232609675e-01 9.066864259693494521e-01
-1.558556621414878052e+00 3.426635014806873047e-01 9.394582080928322032e-01
-1.554199244189560680e+00 2.594198254764428224e-01 9.657646473907459672e-01
-1.549517500454431485e+00 1.729274483313147925e-01 9.849345651430964077e-01
-1.544489309133788790e+00 8.380519445863204853e-02 9.964821570814756946e-01
-1.540003970442388459e+00 -7.479079504115859756e-03 9.999720312937612210e-01
-1.536042025517762033e+00 -1.001122855745374407e-01 9.949761455819139400e-01
-1.532588224137790167e+00 -1.932017766032756434e-01 9.811590459845630496e-01
-1.529632242700276201e+00 -2.857853318629478001e-01 9.582936627631347681e-01
-1.527169380381449448e+00 -3.768442800042661744e-01 9.262766264070718680e-01
-1.525201205513772695e+00 -4.653200779632776229e-01 8.851424885543848209e-01
-1.523736114365699557e+00 -5.501345723988916303e-01 8.350760158521429721e-01
-1.522789754228458303e+00 -6.302139766813121824e-01 7.764214986690710640e-01
-1.522072692092277135e+00 -7.047274460343668778e-01 7.094781369470652965e-01
-1.521297556638934845e+00 -7.728486311898944416e-01 6.345904137850701954e-01
-1.520494450402964715e+00 -8.335655364190006633e-01 5.524205793546287380e-01
-1.519701110418102852e+00 -8.859405340000569007e-01 4.637988467166497264e-01
-1.519122901264245318e+00 -9.290676316406711877e-01 3.699099023243284101e-01
-1.518973544828282396e+00 -9.622626621392477153e-01 2.721223420682101213e-01
-1.519311482507276212e+00 -9.851454615383553604e-01 1.717219252465473911e-01
-1.520197141101628402e+00 -9.975443173316035361e-01 7.003809648630549001e-02
-1.521690916136806626e+00 -9.995005832338289542e-01 -3.160038156788311237e-02
-1.523851163711575918e+00 -9.912617491175590434e-01 -1.319096082034863227e-01
-1.526732369125948008e+00 -9.732636436655193179e-01 -2.296908355135596491e-01
-1.530383634899520784e+00 -9.461037378003187559e-01 -3.238637326411613060e-01
-1.534847583283227346e+00 -9.105084188043723881e-01 -4.134905310721899707e-01
-1.540159710817952110e+00 -8.672974645905632274e-01 -4.977902248083829750e-01
-1.546348177805264346e+00 -8.173487690663144845e-01 -5.761432024295525256e-01
-1.553433973612532881e+00 -7.615657875220226414e-01 -6.480876108027072702e-01
-1.561431374215525913e+00 -7.008493828028903305e-01 -7.133092895966011149e-01
-1.570348600879323264e+00 -6.360749480607000850e-01 -7.716272807836549452e-01
-1.580188594582126349e+00 -5.680749951757260163e-01 -8.229767918089176959e-01
-1.590949834584190814e+00 -4.976268961390901691e-01 -8.673911875497555268e-01
-1.602627146680934533e+00 -4.254451564320620993e-01 -9.049842091818498524e-01
-1.614753641590717770e+00 -3.519272692500252098e-01 -9.360273485097646562e-01
-1.626864685675005973e+00 -2.774415196344734436e-01 -9.607425269982141636e-01
-1.638954085845389930e+00 -2.025786551319831985e-01 -9.792659947557237343e-01
-1.651013152369637860e+00 -1.278855772129169899e-01 -9.917889287247155794e-01
-1.663485821987461089e+00 -5.393009064802201102e-02 -9.985447137322875921e-01
-1.676813487549885906e+00 1.883358929126366377e-02 -9.998226322275406419e-01
-1.690982060265210585e+00 9.010188916873101972e-02 -9.959325527204266892e-01
-1.705977696657577258e+00 1.596174310386038186e-01 -9.871789481692954116e-01
-1.721786992841344954e+00 2.271635533016438946e-01 -9.738566219168872662e-01
-1.738397130815996450e+00 2.925589504450820666e-01 -9.562474891545974520e-01
-1.755795983789969039e+00 3.556525109826687014e-01 -9.346182597358788646e-01
-1.773972186592818412e+00 4.163184019709510464e-01 -9.092188890362725706e-01
-1.792915176290111656e+00 4.744514266002461955e-01 -8.802816843471135133e-01
-1.810843949301131905e+00 5.288658392279261822e-01 -8.487054401249831681e-01
-1.824696842008070030e+00 5.776610075663318744e-01 -8.162767669960050432e-01
-1.835161961987054058e+00 6.213467760796353989e-01 -7.835356940532087755e-01
-1.842843306190109498e+00 6.604660026147498586e-01 -7.508559511584714796e-01
-1.848269044668819694e+00 6.955531957423027878e-01 -7.184746007289817271e-01
-1.851831738193482790e+00 7.270650626583869958e-01 -6.865685651568647074e-01
-1.853887937744497894e+00 7.554360450692050311e-01 -6.552223911086968444e-01
-1.854762062413938484e+00 7.810670286928788064e-01 -6.244471928745275457e-01
-1.854702756361165106e+00 8.042895795588217434e-01 -5.942375553708245661e-01
-1.853916732195783901e+00 8.253888841869765347e-01 -5.645646020258247022e-01
-1.852575152872154574e+00 8.446080902529643497e-01 -5.353850706540483895e-01
-1.850819100928542404e+00 8.621530675808339872e-01 -5.066478935720130083e-01
-1.848764259874376314e+00 8.781971476468481974e-01 -4.782988290440819967e-01
-1.846504916032817967e+00 8.928855878867283380e-01 -4.502836072345644536e-01
-1.844117374801583109e+00 9.063396301589826676e-01 -4.225499672266921358e-01
-1.841662872803783157e+00 9.186601005155096145e-01 -3.950488826978679202e-01
-1.839197520086335746e+00 9.299342218610576749e-01 -3.677259074523701043e-01
-1.836757128101200509e+00 9.402290719998919188e-01 -3.405426436824357528e-01
-1.834331345690489501e+00 9.495837015726726893e-01 -3.135136260316948031e-01
-1.831947304549840227e+00 9.580500964063591862e-01 -2.866007899077845922e-01
-1.829663471481411730e+00 9.656840904286601024e-01 -2.597195362173807531e-01
-1.827489235633900089e+00 9.725136467959130115e-01 -2.328458863620184449e-01
-1.825430401827442095e+00 9.785607517747598738e-01 -2.059583819270703331e-01
-1.823489901826937043e+00 9.838422103330165536e-01 -1.790377199560042876e-01
-1.821668388254563897e+00 9.883702772718063745e-01 -1.520664164293106524e-01
-1.819964728825519629e+00 9.921531495918074484e-01 -1.250285077694541780e-01
-1.818376416071639134e+00 9.951953424795014769e-01 -9.790929632628313228e-02
-1.816899905542643356e+00 9.974979682932382241e-01 -7.069514305001499410e-02
-1.815530893598850115e+00 9.990589352468275397e-01 -4.337330865261882634e-02
-1.814264544292622183e+00 9.998730801304921423e-01 -1.593184328200906649e-02
-1.813095673444019340e+00 9.999322473631871988e-01 1.164047607297670830e-02
-1.812018896818911706e+00 9.992253249182179164e-01 3.935416168694182842e-02
-1.811028748288976864e+00 9.977382461850304862e-01 6.721898615435688285e-02
-1.810119772969722263e+00 9.954539656030100270e-01 9.524390985906443230e-02
-1.809251154816675422e+00 9.923587341905723003e-01 1.233861526901815081e-01
-1.808427129260196109e+00 9.884316887524010609e-01 1.516667289489568859e-01
-1.807683544368960060e+00 9.836391786518016156e-01 1.801498438001236380e-01
-1.807012896984439454e+00 9.779507565286390536e-01 2.088356238888912642e-01
-1.806408332057256372e+00 9.713329809370233603e-01 2.377230324221781821e-01
-1.805863593233425268e+00 9.637492958807071242e-01 2.668094726381374238e-01
-1.805372976032681986e+00 9.551599330961554335e-01 2.960903615583387327e-01
-1.804931283689496846e+00 9.455218402865649407e-01 3.255586729625052911e-01
-1.804533785675076496e+00 9.347886390907658161e-01 3.552044484896466625e-01
-1.804176178877876291e+00 9.229106172327182778e-01 3.850142758380827868e-01
-1.803854551388919480e+00 9.098347600333934748e-01 4.149707332270278770e-01
-1.803391528774994867e+00 8.956065217617406038e-01 4.448471177582660752e-01
-1.802826468883706124e+00 8.801605301649042534e-01 4.746761434281636105e-01
-1.802361737350408166e+00 8.633156104563937117e-01 5.046644001138821389e-01
-1.801981480649844425e+00 8.450084448301228290e-01 5.347529599411090517e-01
-1.801672170007063700e+00 8.251737570267850819e-01 5.648789876728467219e-01
-1.801437189730270338e+00 8.037340269914327040e-01 5.949887510332738660e-01
-1.801276934326907053e+00 7.806121124660801991e-01 6.250157836976947268e-01
-1.801162024801681527e+00 7.557524039859651044e-01 6.548574683619591275e-01
-1.801051408234340734e+00 7.291109849398723641e-01 6.843954789739696842e-01
-1.800960473718331567e+00 7.006059620129162502e-01 7.135483767705984581e-01
-1.800918403400791012e+00 6.701450896482510355e-01 7.422301252444133413e-01
-1.800915085414427796e+00 6.376678189280253761e-01 7.703114647359048384e-01
-1.800598599566439306e+00 6.033669113469320999e-01 7.974637109559676862e-01
-1.800044413748334238e+00 5.671532208746804526e-01 8.236123020277660300e-01
-1.799795921976609536e+00 5.286017095776236463e-01 8.488699739251079901e-01
-1.800107913672707838e+00 4.874964137296772804e-01 8.731249891056281909e-01
-1.800560296266202620e+00 4.440718561268732767e-01 8.959911755123671773e-01
-1.800942897922616526e+00 3.984484394232042370e-01 9.171907332290339943e-01
-1.801253847352635384e+00 3.506321089664561352e-01 9.365132802911740884e-01
-1.801503042708446634e+00 3.006411384013740196e-01 9.537373359058172184e-01
-1.801700167195217084e+00 2.485159811356034143e-01 9.686277959671653059e-01
-1.801853459881915809e+00 1.943227695625504015e-01 9.809376439048203000e-01
-1.801969926338393480e+00 1.381559853686258887e-01 9.904104824297974563e-01
-1.802055520666668409e+00 8.014103463667904270e-02 9.967835344583911850e-01
-1.802115302950535236e+00 2.043664141763801290e-02 9.997911500346294833e-01
-1.802153575424667364e+00 -4.076304028938659840e-02 9.991688418612570954e-01
-1.802174000190589709e+00 -1.032267086046751436e-01 9.946578540536668012e-01
-1.802179700890124803e+00 -1.666847122540952575e-01 9.860102467524206604e-01
-1.802173350380582573e+00 -2.308284941080789299e-01 9.729944533797695305e-01
-1.802157246134931778e+00 -2.953108097461467074e-01 9.554012380393250847e-01
-1.802133374810682476e+00 -3.597468461397326789e-01 9.330499486589747260e-01
-1.802103467190617536e+00 -4.237163532426299617e-01 9.057949282231420041e-01
-1.802069044495271832e+00 -4.867668805745327676e-01 8.735319135416511616e-01
-1.802031456900305306e+00 -5.484181811881865265e-01 8.362042205958072350e-01
-1.801564927470383992e+00 -6.084476682715138640e-01 7.935939988274595125e-01
-1.800239689835830159e+00 -6.665890133396989992e-01 7.454254404665878742e-01
-1.798053086299796766e+00 -7.222424279346409959e-01 6.916399896557998694e-01
-1.795005697364212782e+00 -7.747641701928171809e-01 6.322503306329191330e-01
-1.791101919106790286e+00 -8.234746327829317591e-01 5.673530903793650992e-01
-1.786827995843039973e+00 -8.673804822972828177e-01 4.976455555209278181e-01
-1.782521090912251527e+00 -9.057189828546435839e-01 4.238786667157828369e-01
-1.778206527137612625e+00 -9.380095147214778661e-01 3.466095069267109974e-01
-1.774073754501032107e+00 -9.637871612709520974e-01 2.666726603333755552e-01
-1.770154939407297068e+00 -9.827806981446758350e-01 1.847758083577597799e-01
-1.766483903231523822e+00 -9.948188906657373654e-01 1.016630452750239277e-01
-1.763095282111155848e+00 -9.998362468605659359e-01 1.809639366773008184e-02
-1.760023639234609139e+00 -9.978745857595178181e-01 -6.516372530227844406e-02
-1.757464631471874261e+00 -9.891147608671277958e-01 -1.471461512740467603e-01
-1.755611275541114180e+00 -9.739092569339442562e-01 -2.269377871981053951e-01
-1.754490895274525952e+00 -9.526919935320814492e-01 -3.039374367528098753e-01
-1.754126929493431408e+00 -9.259568336031492874e-01 -3.776293716114118015e-01
-1.754538720868105584e+00 -8.942399023638266664e-01 -4.475879768496173194e-01
-1.755741483577270667e+00 -8.581024812228091880e-01 -5.134784627608622865e-01
-1.757587663621175356e+00 -8.180032379296553469e-01 -5.752136148741612276e-01
-1.759453998790369900e+00 -7.740112547497488560e-01 -6.331718388563402078e-01
-1.760880070730774349e+00 -7.262010827552287662e-01 -6.874823542500080320e-01
-1.761879923616422650e+00 -6.749797729560345072e-01 -7.378362325748309969e-01
-1.762464908050983770e+00 -6.207812795889717794e-01 -7.839838027101574403e-01
-1.762643624686668131e+00 -5.640569452129953198e-01 -8.257358915276628020e-01
-1.762421942963955157e+00 -5.052664146532359624e-01 -8.629634118683504607e-01
-1.761803084196068347e+00 -4.448692367516269841e-01 -8.955955349330548820e-01
-1.761553562890841418e+00 -3.837533787005467656e-01 -9.234356200276848670e-01
-1.762125480920072818e+00 -3.225942367417982681e-01 -9.465373518361420713e-01
-1.763203111966939796e+00 -2.615867016454004323e-01 -9.651799819320124874e-01
-1.764776534198142510e+00 -2.010462968961636565e-01 -9.795817405935758337e-01
-1.766835225888679473e+00 -1.412493080884509866e-01 -9.899740567128685331e-01
-1.769368296608455848e+00 -8.243465594723481393e-02 -9.965964717471463841e-01
-1.772364685356418779e+00 -2.480612235259349596e-02 -9.996922808013615214e-01
-1.775964841165093899e+00 3.146389354661316418e-02 -9.995048891340588826e-01
-1.780157841805764640e+00 8.623853600584319157e-02 -9.962745178451414274e-01
-1.784781498248254827e+00 1.394014816522527456e-01 -9.902359450722623135e-01
-1.789370032859359139e+00 1.907623640069545656e-01 -9.816362465182700836e-01
-1.793912703083085924e+00 2.402470107146384426e-01 -9.707117872173390838e-01
-1.798398616191898114e+00 2.877612198228642892e-01 -9.577021877212441581e-01
-1.802366057884458028e+00 3.330820693528547816e-01 -9.428978391509974522e-01
-1.805451319036227575e+00 3.760079484501521740e-01 -9.266164377466588054e-01
-1.807798133655667661e+00 4.165766167632522499e-01 -9.091006117950215515e-01
-1.809536573840381690e+00 4.548523463613127205e-01 -8.905668661081034276e-01
-1.810776454282757353e+00 4.909146054631386424e-01 -8.712076963290503739e-01
-1.811610284648116354e+00 5.248527488524481477e-01 -8.511930403980221271e-01
-1.812115808298547348e+00 5.567619265557015584e-01 -8.306721116890728451e-01
-1.812358184119356563e+00 5.867399969982524111e-01 -8.097753860932616066e-01
-1.812391860437818636e+00 6.148852497578485288e-01 -7.886165922869163847e-01
-1.812262183337987054e+00 6.412947679758029818e-01 -7.672946113240082244e-01
-1.812006775916068291e+00 6.660632870376770320e-01 -7.458952323621360625e-01
-1.811387631231120343e+00 6.890915514709299305e-01 -7.246742949017763724e-01
-1.810490694738689621e+00 7.105250805576079909e-01 -7.036718765863850811e-01
-1.809661333172322584e+00 7.306821647032872846e-01 -6.827177851678671860e-01
-1.808895947221139666e+00 7.496229072308706609e-01 -6.618651652374051286e-01
-1.808190864062446002e+00 7.674064623102991867e-01 -6.411609170905469002e-01
-1.807542403142689214e+00 7.840907788947100165e-01 -6.206461555929327911e-01
-1.806946927604549780e+00 7.997323897956213345e-01 -6.003566479283661828e-01
-1.806400883817859793e+00 8.143862404537880462e-01 -5.803232300705744029e-01
-1.805900831093534054e+00 8.281055526859671945e-01 -5.605722019603440742e-01
-1.805443463336102505e+00 8.409417192645972650e-01 -5.411257014782268060e-01
-1.805025624114061644e+00 8.529442256532523414e-01 -5.220020573951540399e-01
-1.804644316391496028e+00 8.641605956038229674e-01 -5.032161215677075639e-01
-1.804296707963533475e+00 8.746363576435265408e-01 -4.847795807251635281e-01
-1.803980133467267599e+00 8.844150297573279973e-01 -4.667012482727516121e-01
-1.803692093694550191e+00 8.935381198161175265e-01 -4.489873366092605456e-01
-1.803430252809868017e+00 9.020451395214791335e-01 -4.316417105258424369e-01
-1.803192433972203634e+00 9.099736298399782042e-01 -4.146661223151156817e-01
-1.802976613771613668e+00 9.173591960873458406e-01 -3.980604292742231376e-01
-1.802780915816907248e+00 9.242355509982829176e-01 -3.818227943312187400e-01
-1.802603603748234473e+00 9.306345642822028141e-01 -3.659498705605380708e-01
-1.802443073895876324e+00 9.365863173198505365e-01 -3.504369703801818448e-01
-1.802297847762560856e+00 9.421191618008306623e-01 -3.352782202405939493e-01
-1.802166564469941612e+00 9.472597812376839510e-01 -3.204667016236401600e-01
-1.802047973279353732e+00 9.520332544183792711e-01 -3.059945791702026741e-01
-1.801940926271676569e+00 9.564631199759889846e-01 -2.918532167473863459e-01
-1.801844371250264976e+00 9.605714413618516856e-01 -2.780332822523493008e-01
-1.801757344913781145e+00 9.643788716069441325e-01 -2.645248419300483267e-01
-1.801678966331766052e+00 9.679047173456247766e-01 -2.513174449577388891e-01
-1.801112788142836818e+00 9.710004457619139107e-01 -2.390776742612420180e-01
-1.800178552908165974e+00 9.737462278110022851e-01 -2.276362972459434753e-01
-1.799354552515139982e+00 9.763207342958759583e-01 -2.163280466882685771e-01
-1.798679057090450062e+00 9.787439361294876239e-01 -2.050860977486218817e-01
-1.798314508523186861e+00 9.810667239871366796e-01 -1.936700366219492597e-01
-1.798261707381490160e+00 9.832870121012636799e-01 -1.820622196749489552e-01
-1.798845226670080510e+00 9.854804965209184031e-01 -1.697886656313788434e-01
-1.800389939604079448e+00 9.876987473823233277e-01 -1.563687450208309515e-01
-1.801984095067694192e+00 9.897124303769169185e-01 -1.430709794382361566e-01
-1.803212190331226594e+00 9.914520937828087410e-01 -1.304712448537385661e-01
-1.804138280095342051e+00 9.929580019213426478e-01 -1.184669001045231679e-01
-1.804816404447466160e+00 9.942623915196772133e-01 -1.069686720940869890e-01
-1.805292075149963482e+00 9.953910793136881985e-01 -9.589890105069417969e-02
-1.805603533125211824e+00 9.963647249548051033e-01 -8.518999275581419506e-02
-1.805782828362430203e+00 9.971998279458401671e-01 -7.478304048904935164e-02
-1.805856746560347226e+00 9.979095157365537316e-01 -6.462660754237754823e-02
-1.805397224842135051e+00 9.984682517252094769e-01 -5.532766303399867802e-02
-1.804529215557497457e+00 9.989092228838377663e-01 -4.669437265460724129e-02
-1.803804873739441206e+00 9.992809383923724198e-01 -3.791577726566668083e-02
-1.803143690467974292e+00 9.995766031690037634e-01 -2.909663893160108553e-02
-1.802551565331506067e+00 9.997956270213131935e-01 -2.021643363848384806e-02
-1.802076333209673420e+00 9.999373486639323572e-01 -1.119369228384381638e-02
-1.801324416058321054e+00 9.999966513701555870e-01 -2.587904263240819146e-03
-1.800372428636106470e+00 9.999836190940583069e-01 5.723770046853328061e-03
-1.799661410767901204e+00 9.998964126679514841e-01 1.439319053446959894e-02
-1.799253510492376584e+00 9.997233150463931128e-01 2.352218851744304617e-02
-1.798522715576767572e+00 9.994809903999624101e-01 3.221412468328434947e-02
-1.797469612361860980e+00 9.991802741307960201e-01 4.048184516431081736e-02
-1.796743589030899368e+00 9.987850733712611007e-01 4.927856745852518539e-02
-1.796345179637902190e+00 9.982805997958914546e-01 5.861607348804002277e-02
-1.796274936656430121e+00 9.976506665883561054e-01 6.850655045912609764e-02
-1.796533428477909533e+00 9.968775842277516341e-01 7.896253582707432606e-02
-1.797121236476757034e+00 9.959420497692764718e-01 8.999685273036925337e-02
-1.798363184337521403e+00 9.947752692582809697e-01 1.020889987810368188e-01
-1.800259793947899922e+00 9.933364559253352599e-01 1.152505328824753317e-01
-1.801973644935266794e+00 9.917362493028122339e-01 1.282934597662348519e-01
-1.803295819405986045e+00 9.900186262216393862e-01 1.409365805396798066e-01
-1.804294759914341961e+00 9.881803406421793001e-01 1.532958393705016464e-01
-1.805028206748135577e+00 9.862147022612063330e-01 1.654707256400360649e-01
-1.805544792108006114e+00 9.841123705709482472e-01 1.775467321277099941e-01
-1.805892849785218246e+00 9.818598903401060118e-01 1.896078999971123336e-01
-1.806104282786558546e+00 9.794444060370709471e-01 2.017142917164995997e-01
-1.806199554470407254e+00 9.768535327848865135e-01 2.139092692841672860e-01
-1.806203071685761552e+00 9.740713397603509849e-01 2.262410772991383379e-01
-1.806135108526427446e+00 9.710806803098596118e-01 2.387515703172233827e-01
-1.806012440607134506e+00 9.678632351805959155e-01 2.514771520153481488e-01
-1.805848887303354688e+00 9.643995171658379384e-01 2.644495628476224436e-01
-1.805655774828607729e+00 9.606688471897094628e-01 2.776965358789964533e-01
-1.805442331267749667e+00 9.566493091830428064e-01 2.912423376496059979e-01
-1.805216023164207817e+00 9.523176891926501408e-01 3.051082084290274166e-01
-1.804982841942438077e+00 9.476494028149863302e-01 3.193127140350033866e-01
-1.804747547307152589e+00 9.426184141028176589e-01 3.338720194839464028e-01
-1.804513873774690635e+00 9.371971484528922591e-01 3.488000930787826803e-01
-1.804284705638928399e+00 9.313564015668136520e-01 3.641088480942422656e-01
-1.804062224936667347e+00 9.250652463316975105e-01 3.798082279641607495e-01
-1.803848036340124805e+00 9.182909393529221642e-01 3.959062397870585781e-01
-1.803643272353630200e+00 9.109988288614034868e-01 4.124089400257364146e-01
-1.803448681716299573e+00 9.031522657935432408e-01 4.293203754680054440e-01
-1.803264703502269306e+00 8.947125199906540427e-01 4.466424818263186047e-01
-1.803091529056265685e+00 8.856387036777770838e-01 4.643749417743666674e-01
-1.802929153597297995e+00 8.758877046538430244e-01 4.825150037420825599e-01
-1.802777419060516140e+00 8.654141319524818465e-01 5.010572624131219843e-01
-1.802650970748788328e+00 8.541605628509109094e-01 5.200093584448411965e-01
-1.802544742940059841e+00 8.420790396110336973e-01 5.393541425146922696e-01
-1.802441975711592592e+00 8.291277094458358032e-01 5.590592467968861223e-01
-1.802343282638451338e+00 8.152514635859091641e-01 5.791071154121948394e-01
-1.802249076139017081e+00 8.003930025322961717e-01 5.994756387855435520e-01
-1.802174521087618331e+00 7.844822480960764732e-01 6.201512738212556775e-01
-1.802129951301919109e+00 7.674494415300581185e-01 6.411094716935648030e-01
-1.802109270415974906e+00 7.492345527742407807e-01 6.623047523075636933e-01
-1.802107386968832214e+00 7.297756464210286564e-01 6.836867015605683218e-01
-1.802120061194490308e+00 7.090092497365501067e-01 7.051991802235836326e-01
-1.801983202350349922e+00 6.869897465775609557e-01 7.266671095469359187e-01
-1.801221588309571464e+00 6.640099702987425356e-01 7.477237185912072315e-01
-1.800151732857739217e+00 6.398004595361053148e-01 7.685410672029103774e-01
-1.799597615823526731e+00 6.136995065434869279e-01 7.895396859362299180e-01
-1.799809004423022829e+00 5.854440566665237711e-01 8.107128076660958804e-01
-1.800393091589405747e+00 5.552310206545280069e-01 8.316961666996736113e-01
-1.800892267845440431e+00 5.233155800363237242e-01 8.521389579706153405e-01
-1.801299046465580034e+00 4.896514089657052482e-01 8.719182861357476222e-01
-1.801625124876640394e+00 4.541855862717983916e-01 8.909070957304936478e-01
-1.801883509786898818e+00 4.168719660452693265e-01 9.089652160151959759e-01
-1.801932944749313092e+00 3.777577727989394618e-01 9.259044578626807187e-01
-1.801817247580198789e+00 3.368042772494372339e-01 9.415746804298023021e-01
-1.801727596957266364e+00 2.939090709593267792e-01 9.558333840203665499e-01
-1.801659055812027566e+00 2.490859972895788643e-01 9.684813709897862610e-01
-1.801607465084052340e+00 2.023656334338685414e-01 9.793100379373783637e-01
-1.801569331584679245e+00 1.537975223843996431e-01 9.881023844260372613e-01
-1.801541732243661320e+00 1.034524172245970819e-01 9.946344038743017979e-01
-1.801522232506286514e+00 5.142448743930405630e-02 9.986768857301169255e-01
-1.801508816935083690e+00 -2.166573203460642194e-03 9.999976529775228551e-01
-1.801499830314974515e+00 -5.717360774781810040e-02 9.983642514518928923e-01
-1.801493927768972325e+00 -1.134203062156494690e-01 9.935470970909975330e-01
-1.801490032568107358e+00 -1.706998532763250309e-01 9.853230739668290550e-01
-1.801487300468674890e+00 -2.287740082301206734e-01 9.734795597023724323e-01
-1.801492534086470254e+00 -2.873701531036825241e-01 9.578196046778151285e-01
-1.801502929241754591e+00 -3.461875615261060246e-01 9.381653224483458287e-01
-1.801510026979161516e+00 -4.048972707226174417e-01 9.143621821583477471e-01
-1.801514192269069836e+00 -4.631380734388282905e-01 8.862861416785046131e-01
-1.801515824780271391e+00 -5.205224939690528130e-01 8.538479567652763613e-01
-1.801515356255956490e+00 -5.766403626626945833e-01 8.169980980077222732e-01
-1.801100477754353113e+00 -6.313399849162507627e-01 7.755061724099608922e-01
-1.799855406384997414e+00 -6.844250202831890784e-01 7.290832542380575321e-01
-1.797777143884532469e+00 -7.353723236343837621e-01 6.776632981301016212e-01
-1.795338348671750239e+00 -7.832993398572791754e-01 6.216447089609552501e-01
-1.792545654268742350e+00 -8.276982438759531435e-01 5.611734287051225456e-01
-1.788773768509588136e+00 -8.684217277954588976e-01 4.958262827772949577e-01
-1.784511311346052453e+00 -9.045569595839892951e-01 4.263527962476252875e-01
-1.780416627745124769e+00 -9.352820408602343649e-01 3.539032410763074954e-01
-1.776514811889380985e+00 -9.602824700333795205e-01 2.790297076416620170e-01
-1.772832985920459459e+00 -9.793176269829604319e-01 2.023289042140621052e-01
-1.769399718126885679e+00 -9.922284691844360793e-01 1.244293572269437459e-01
-1.766244365860802024e+00 -9.989425006291079434e-01 4.597695549799441644e-02
-1.763558590303170970e+00 -9.994832142831605593e-01 -3.214505197074035009e-02
-1.761533157609225686e+00 -9.940337331107438334e-01 -1.090730830128063128e-01
-1.760194485794824848e+00 -9.828839338925796643e-01 -1.842258735787324908e-01
-1.759727849522512377e+00 -9.664484540100831689e-01 -2.568606348616308543e-01
-1.759347236366047174e+00 -9.448154949814028258e-01 -3.276029310660186211e-01
-1.758109437159186772e+00 -9.177306018194115733e-01 -3.972034019040883712e-01
-1.756841521104579806e+00 -8.857654023421348555e-01 -4.641332265779687938e-01
-1.755723003478624644e+00 -8.493833414565336026e-01 -5.277764102876649766e-01
-1.754133635129808466e+00 -8.085371679347933549e-01 -5.884451104971337720e-01
-1.752091941219223070e+00 -7.635642848427353080e-01 -6.457318196531764976e-01
-1.749614048522691423e+00 -7.148461190313886160e-01 -6.992817930603955068e-01
-1.746713475801870974e+00 -6.627986594383952212e-01 -7.487976609516525661e-01
-1.744178719204927619e+00 -6.084409145805292907e-01 -7.935991768294680115e-01
-1.742011484283238154e+00 -5.522949464543129849e-01 -8.336487822344776921e-01
-1.739437768511780780e+00 -4.942710075443749740e-01 -8.693078689975539675e-01
-1.736460004883779495e+00 -4.348084784569415939e-01 -9.005229519906527980e-01
-1.733537525144410951e+00 -3.745944619437001633e-01 -9.271887559073985763e-01
-1.731123626282681016e+00 -3.142728071347486996e-01 -9.493327144345363733e-01
-1.729209146061471580e+00 -2.541822211552935418e-01 -9.671563464345159788e-01
-1.727784142749890561e+00 -1.946219932684064569e-01 -9.808783205557316531e-01
-1.726838145638006639e+00 -1.358534488109484628e-01 -9.907289439832526190e-01
-1.726360372225544726e+00 -7.810186072590441508e-02 -9.969453843371519630e-01
-1.726339913899264999e+00 -2.155867313734877166e-02 -9.997675847978653163e-01
-1.726765892490338405e+00 3.361608045808939238e-02 -9.994348198530184080e-01
-1.727627590386405787e+00 8.729125719968056085e-02 -9.961828328256310261e-01
-1.728914556952471093e+00 1.393620550288383608e-01 -9.902414945952017211e-01
-1.730616693959870389e+00 1.897474877113942138e-01 -9.818329241307883759e-01
-1.732724322585040833e+00 2.383879253951652899e-01 -9.711700144803633306e-01
-1.735228234356582355e+00 2.852427301563787432e-01 -9.584553118914491687e-01
-1.738119728225379745e+00 3.302880070984423599e-01 -9.438802002197839158e-01
-1.741390635724708424e+00 3.735144845841081307e-01 -9.276243473550421781e-01
-1.744880195594709527e+00 4.148471090617851242e-01 -9.098911342040207906e-01
-1.748580805437927044e+00 4.543018808373698314e-01 -8.908477990474176211e-01
-1.752639016849254050e+00 4.919852960639493622e-01 -8.706035081808872755e-01
-1.757048895927353360e+00 5.279285764513751422e-01 -8.492887719533470658e-01
-1.761805041398140093e+00 5.621689934686859846e-01 -8.270223834833034804e-01
-1.766902569105872400e+00 5.947485875996086913e-01 -8.039117598022004207e-01
-1.772492494472420299e+00 6.258195775138704064e-01 -7.799678560045669728e-01
-1.778727353074403883e+00 6.555311170705440116e-01 -7.551681630949789170e-01
-1.785449027443158254e+00 6.838123928457773282e-01 -7.296578728352981491e-01
-1.792655352205690056e+00 7.107105216552418447e-01 -7.034845800787208336e-01
-1.800501290080815275e+00 7.363761370673240769e-01 -6.765723795410256702e-01
-1.807350672448786888e+00 7.596957328278565180e-01 -6.502787044976531261e-01
-1.812591910901747427e+00 7.803919840559458976e-01 -6.252906134120552739e-01
-1.816501971131520898e+00 7.988263013615956032e-01 -6.015617509890011094e-01
-1.819334450562662520e+00 8.153215603710476378e-01 -5.790084223861685642e-01
-1.821288151493962282e+00 8.301419016594151490e-01 -5.575521707511233993e-01
-1.822530140659300857e+00 8.435115480211706762e-01 -5.371110391296460840e-01
-1.823200438764915443e+00 8.556204091049098848e-01 -5.176038210090289082e-01
-1.823416051407789062e+00 8.666291617377237522e-01 -4.989527993966667574e-01
-1.823274430243066346e+00 8.766737412070012558e-01 -4.810853889676131590e-01
-1.822856441720597909e+00 8.858692435296986467e-01 -4.639349990765078147e-01
-1.822228910606609187e+00 8.943132741698104349e-01 -4.474413566532194908e-01
-1.821454259056916714e+00 9.020929911167573367e-01 -4.315416959901114957e-01
-1.820575091789429223e+00 9.092774051134450142e-01 -4.161905820056001071e-01
-1.819619780071998427e+00 9.159224558951151174e-01 -4.013552725292905965e-01
-1.818618344770446260e+00 9.220805975597810011e-01 -3.869978961232182213e-01
-1.817594811692562873e+00 9.277970782375143388e-01 -3.730852203102288933e-01
-1.816568204015411858e+00 9.331111307833656054e-01 -3.595881221733956967e-01
-1.815553384684923222e+00 9.380569612550114789e-01 -3.464810780418088321e-01
-1.814561770249065065e+00 9.426645679906415776e-01 -3.337416849226617632e-01
-1.813601934634769597e+00 9.469604192295626444e-01 -3.213502208067872123e-01
-1.812695048088793337e+00 9.509743731595443617e-01 -3.092696907131566308e-01
-1.811840743650008800e+00 9.547247761235949648e-01 -2.974905071691385516e-01
-1.811025475535603224e+00 9.582235809153949457e-01 -2.860202247703431122e-01
-1.810251886964175494e+00 9.614885657654266282e-01 -2.748449342853948596e-01
-1.809521461827897415e+00 9.645358090983721100e-01 -2.639520277757849143e-01
-1.808834760402181274e+00 9.673799285240237689e-01 -2.533299703723483343e-01
-1.808191615721535417e+00 9.700342778246392461e-01 -2.429681045841838027e-01
-1.807591296599577957e+00 9.725111094397449474e-01 -2.328564837325262371e-01
-1.807032642411859458e+00 9.748217086634917150e-01 -2.229857311990849911e-01
-1.806514174019700603e+00 9.769765046930173336e-01 -2.133469223537439174e-01
-1.806034184575723067e+00 9.789851627664135636e-01 -2.039314862477554779e-01
-1.805590813403266326e+00 9.808566608778176432e-01 -1.947311244039277300e-01
-1.805182105670396275e+00 9.825993539314334946e-01 -1.857377442889020513e-01
-1.804806060174247939e+00 9.842210276760117171e-01 -1.769434053034337206e-01
-1.804460667203925173e+00 9.857289443294683373e-01 -1.683402753684098141e-01
-1.804143938152237281e+00 9.871298814458827620e-01 -1.599205964115864576e-01
-1.803853928291352382e+00 9.884301652818103801e-01 -1.516766572712263117e-01
-1.803588753909082687e+00 9.896356996756779933e-01 -1.436007727257451738e-01
-1.803346604815874610e+00 9.907519912543122365e-01 -1.356852675334193903e-01
-1.803125753073223647e+00 9.917841716171292843e-01 -1.279224645233378033e-01
-1.802910868552668688e+00 9.927346432628083583e-01 -1.203242621663005441e-01
-1.802704015577558216e+00 9.936088707277872523e-01 -1.128778632463043052e-01
-1.802519588373751036e+00 9.944136900746056718e-01 -1.055528919177778080e-01
-1.802355193696423941e+00 9.951525702435972676e-01 -9.834308281502059101e-02
-1.802208690862063811e+00 9.958287570287375212e-01 -9.124191292711908430e-02
-1.802078165450670788e+00 9.964452712521830735e-01 -8.424263409440034545e-02
-1.801961905701363165e+00 9.970049082790042316e-01 -7.733830142674642805e-02
-1.801858381331597148e+00 9.975102385476478650e-01 -7.052179799618513156e-02
-1.801766224536390792e+00 9.979636088341935496e-01 -6.378585613309938063e-02
-1.801684212947709085e+00 9.983671440057780844e-01 -5.712307563275815375e-02
-1.801611254355707015e+00 9.987227490511542127e-01 -5.052593915708081251e-02
-1.801546373013053870e+00 9.990321112046491869e-01 -4.398682509549187158e-02
-1.801488697361235625e+00 9.992967020041657600e-01 -3.749801812892995106e-02
-1.801437449033726157e+00 9.995177791447708016e-01 -3.105171772229552499e-02
-1.801391933005378254e+00 9.996963880071656483e-01 -2.464004475293288601e-02
-1.801351528770455346e+00 9.998333627552636882e-01 -1.825504646669410744e-02
-1.801315682443522581e+00 9.999293269095520520e-01 -1.188869993777670088e-02
-1.801283899688073786e+00 9.999846933131080196e-01 -5.532914195009171893e-03
-1.801255739387377153e+00 9.999996634153885955e-01 8.204688352689160774e-04
-1.801238274995561772e+00 9.999741478700192587e-01 7.190520956722411088e-03
-1.801228801576381322e+00 9.999077586210947111e-01 1.358212977918220148e-02
-1.801218833435229261e+00 9.998001437465471319e-01 1.999181243369146238e-02
-1.801208636688070852e+00 9.996506978198339555e-01 2.642881662729168121e-02
-1.801198421801088578e+00 9.994585715628843126e-01 3.290233623132254176e-02
-1.801188353013817078e+00 9.992226692080998784e-01 3.942153397117314356e-02
-1.801178556315681467e+00 9.989416440886033088e-01 4.599556180282980689e-02
-1.801169126185713898e+00 9.986138925209412376e-01 5.263357924532558602e-02
-1.801160131275896914e+00 9.982375460211954099e-01 5.934476989240063116e-02
-1.801151619193236852e+00 9.978104618753225186e-01 6.613835628555810031e-02
-1.801143620513801169e+00 9.973302120669556015e-01 7.302361329379132571e-02
-1.801136152143064884e+00 9.967940705504576560e-01 8.000988011145505896e-02
-1.801129220120637919e+00 9.961989988433191945e-01 8.710657095517070070e-02
-1.801122821953396125e+00 9.955416298997937785e-01 9.432318451188062558e-02
-1.801116948548951768e+00 9.948182502166934560e-01 1.016693121634854452e-01
-1.801111585810977633e+00 9.940247801124296734e-01 1.091546449879057107e-01
-1.801121649346018261e+00 9.931542342270592849e-01 1.168103892505440167e-01
-1.801142411290623579e+00 9.922020717369308684e-01 1.246396760303171286e-01
-1.801157505066798281e+00 9.911657316554397523e-01 1.326291536274613048e-01
-1.801167998017954019e+00 9.900393998207740465e-01 1.407905778186923362e-01
-1.801174785139245227e+00 9.888167602271455969e-01 1.491355581137233099e-01
-1.801171148409601575e+00 9.874926556658267796e-01 1.576650088194992971e-01
-1.801160065333810900e+00 9.860593954755968449e-01 1.663937156093955039e-01
-1.801150226140307176e+00 9.845071216419747362e-01 1.753445962561547000e-01
-1.800661115367211407e+00 9.829537012920466221e-01 1.838532597379388123e-01
-1.799810998188649869e+00 9.813755543135491699e-01 1.920989885339699221e-01
-1.799423729325111632e+00 9.795408273031419588e-01 2.012455406866859309e-01
-1.799534442353129426e+00 9.774109456474772140e-01 2.113476835181885005e-01
-1.799981685804349807e+00 9.750041028801825771e-01 2.221868568723409931e-01
-1.800609193587156209e+00 9.723435725175794131e-01 2.335550834037884438e-01
-1.801112939162339055e+00 9.695117970477235003e-01 2.450446395767383601e-01
-1.801505107095772384e+00 9.664949880165538687e-01 2.566854848620805929e-01
-1.801532948528342448e+00 9.633773925950288586e-01 2.681492111433547154e-01
-1.801276389662903155e+00 9.601284171900388298e-01 2.795593362850733454e-01
-1.801074014837518611e+00 9.566063155682339447e-01 2.913835222090782051e-01
-1.800916655810379297e+00 9.527936508670077354e-01 3.036186075778604665e-01
-1.800796847540176771e+00 9.486713478625862228e-01 3.162636143228996222e-01
-1.800708953699462711e+00 9.442184526614165740e-01 3.293197741613466678e-01
-1.800648464410906868e+00 9.394122549589659643e-01 3.427894619630403317e-01
-1.800611393084605938e+00 9.342284222691732420e-01 3.566752795253005370e-01
-1.800593989679619034e+00 9.286410308909690547e-01 3.709795624367446254e-01
-1.800592651785182907e+00 9.226225212859737734e-01 3.857041394850627136e-01
-1.800603949291461614e+00 9.161436010386491136e-01 4.008502242433404916e-01
-1.800624700704801295e+00 9.091731167791575752e-01 4.164183518122998029e-01
-1.800652057266593387e+00 9.016779144537896418e-01 4.324083007832579262e-01
-1.800683567547269881e+00 8.936227039836077690e-01 4.488189645336138067e-01
-1.800406742954278716e+00 8.851569416727426143e-01 4.652925838744445541e-01
-1.799898494719694764e+00 8.762122347328861194e-01 4.819254296096046608e-01
-1.799667046823252958e+00 8.664369387622691265e-01 4.992865220975507001e-01
-1.799773867224263801e+00 8.557298640818166158e-01 5.174228442178755438e-01
-1.800217654369578257e+00 8.440237518221167523e-01 5.363057955682726252e-01
-1.800705015420602129e+00 8.314463406247804000e-01 5.556050599676550794e-01
-1.801095084465954566e+00 8.180401467937321591e-01 5.751611237155106471e-01
-1.801398998518725980e+00 8.037476164031566173e-01 5.949703934871418687e-01
-1.801646376991617338e+00 7.884950162062355217e-01 6.150411444919178239e-01
-1.801859964001966574e+00 7.722094034347889435e-01 6.353681116068758961e-01
-1.801748809173346899e+00 7.550436853244446578e-01 6.556744872661137702e-01
-1.801387729908224378e+00 7.369001332625798595e-01 6.760016224814788810e-01
-1.801130618412545736e+00 7.174613863617436138e-01 6.965982766845498775e-01
-1.800957926466932868e+00 6.966723677493001921e-01 7.173894423634795681e-01
-1.800853612871580189e+00 6.744757138219550363e-01 7.382970347118863463e-01
-1.800805351524979558e+00 6.508119070083477897e-01 7.592390016958807664e-01
-1.800802598458366655e+00 6.256211080589488827e-01 7.801270596198371932e-01
-1.800827292454423301e+00 5.988504502471485580e-01 8.008608732100648275e-01
-1.800864910726247103e+00 5.704471067346900126e-01 8.213343402159812845e-01
-1.800911181576806852e+00 5.403541015750805698e-01 8.414377249155087224e-01
-1.800962706470150554e+00 5.085179072293886104e-01 8.610514142761992451e-01
-1.801016968616609093e+00 4.748896293755366926e-01 8.800453624169412015e-01
-1.801072213293637647e+00 4.394264359339968840e-01 8.982785800643053875e-01
-1.801127134453089917e+00 4.020932567008472791e-01 9.155987182798513979e-01
-1.801180695694463818e+00 3.628645375781784921e-01 9.318419004145364060e-01
-1.801232083337007461e+00 3.217260498737952723e-01 9.468327987731540718e-01
-1.801280669168396242e+00 2.786768207487660409e-01 9.603849382291248515e-01
-1.801325979414842626e+00 2.337311687541480110e-01 9.723012602855249931e-01
-1.801367669063744792e+00 1.869208196098162689e-01 9.823749829858221538e-01
-1.801405500787445879e+00 1.382970691604016311e-01 9.903907918905763275e-01
-1.801439327815297142e+00 8.793295142206580817e-02 9.961263956216624971e-01
-1.800957767484775651e+00 3.597784273783871667e-02 9.993525878447162558e-01
-1.800085101851526925e+00 -1.746156604636300846e-02 9.998475352328517474e-01
-1.799630389325161506e+00 -7.225415237830334902e-02 9.973862528950822037e-01
-1.799788985579428680e+00 -1.281787379337814836e-01 9.917510832571360124e-01
-1.800309081665555366e+00 -1.850244396891993492e-01 9.827339195925303139e-01
-1.800830422602889946e+00 -2.426188644883291445e-01 9.701216864880373159e-01
-1.801249342643556961e+00 -3.007223714451742747e-01 9.537117254770388630e-01
-1.801578735947183318e+00 -3.590341106264226534e-01 9.333244384492961343e-01
-1.801833482610647241e+00 -4.172194981530061852e-01 9.088057495201896652e-01
-1.802026273723621896e+00 -4.749139573588768704e-01 8.800322341288020489e-01
-1.802167931816125668e+00 -5.317260901688884989e-01 8.469163860935191579e-01
-1.802267684621519539e+00 -5.872417276196215674e-01 8.094116093449130744e-01
-1.801936407403693652e+00 -6.412967464040070231e-01 7.672929577753431207e-01
-1.800776566619192165e+00 -6.936843101113056020e-01 7.202791666467954768e-01
-1.798785515600260565e+00 -7.438811529656615962e-01 6.683119258718028810e-01
-1.795963363069459362e+00 -7.913266927925390881e-01 6.113935436967113946e-01
-1.792313442812473845e+00 -8.354297277634317176e-01 5.495972798050571262e-01
-1.787842764589700373e+00 -8.755777266044456608e-01 4.830772657393336833e-01
-1.783042600034465908e+00 -9.108935607104342580e-01 4.126413952286738240e-01
-1.778413603980272928e+00 -9.406767424323712046e-01 3.393040911141839144e-01
-1.773981650505829011e+00 -9.646226187860879042e-01 2.636346019138416930e-01
-1.769774564935664873e+00 -9.825033131415387144e-01 1.862451064213496155e-01
-1.765821513456604430e+00 -9.941750634337873649e-01 1.077772853917964707e-01
-1.762152321972717761e+00 -9.995826738176910586e-01 2.888733638595650244e-02
-1.758796760027174777e+00 -9.987607165878285009e-01 -4.976977999717814571e-02
-1.755783829800300344e+00 -9.918313724539102871e-01 -1.275559822830459045e-01
-1.753302949803278388e+00 -9.790463875612672728e-01 -2.036373516897934388e-01
-1.751540472160673989e+00 -9.607985598726368481e-01 -2.772474117943521943e-01
-1.750517288880319988e+00 -9.375218261351958571e-01 -3.479264656793552568e-01
-1.749448486853484974e+00 -9.092383457096175903e-01 -4.162759069310134619e-01
-1.747873993465913545e+00 -8.759414916283350117e-01 -4.824173537964066560e-01
-1.745975790256451221e+00 -8.379932536518681641e-01 -5.456805904867384482e-01
-1.743614237747092677e+00 -7.956136255941168578e-01 -6.058043898561519258e-01
-1.740807495651038206e+00 -7.491598207980488811e-01 -6.623892835046738536e-01
-1.737728021895531993e+00 -6.991504645142312402e-01 -7.149745645612398670e-01
-1.734387378953850201e+00 -6.460372439323162075e-01 -7.633058885219848877e-01
-1.730638493015063339e+00 -5.901609911069742864e-01 -8.072855780797981717e-01
-1.726488585491983807e+00 -5.319833680918933938e-01 -8.467548028051599118e-01
-1.721942150629733881e+00 -4.719697754224822517e-01 -8.816147293958125353e-01
-1.717461250270759132e+00 -4.108565159923309729e-01 -9.117000182442925871e-01
-1.713501184565589419e+00 -3.493453600606301612e-01 -9.369940338145749115e-01
-1.710053368284483399e+00 -2.878164212536716282e-01 -9.576855995872178839e-01
-1.707108196804159261e+00 -2.266083337610915738e-01 -9.739859665672917499e-01
-1.704655333056954492e+00 -1.660193181637018567e-01 -9.861225005020723966e-01
-1.702835629141299378e+00 -1.063408472936096527e-01 -9.943297361523878442e-01
-1.701637734328619977e+00 -4.779180205533267722e-02 -9.988573189681815290e-01
-1.700898770451850561e+00 9.467191858871348842e-03 -9.999551851349676168e-01
-1.700607659534257410e+00 6.527971209815586207e-02 -9.978670047598436899e-01
-1.700753526016243633e+00 1.195183164967362766e-01 -9.928319958692839453e-01
-1.701325800259311016e+00 1.720818932699635928e-01 -9.850826472985019233e-01
-1.702314301032882282e+00 2.228930519833227097e-01 -9.748429039478924141e-01
-1.703709299616213091e+00 2.718955934266859553e-01 -9.623267564996571544e-01
-1.705501567938720209e+00 3.190520855873734685e-01 -9.477371822833308146e-01
-1.707682412959615981e+00 3.643415643166758033e-01 -9.312653888721933448e-01
-1.710243699266534856e+00 4.077573705753950173e-01 -9.130903168588745400e-01
-1.713177861661481671e+00 4.493051309386459358e-01 -8.933783629080157551e-01
-1.716477909305365701e+00 4.890008840178341476e-01 -8.722832885191466046e-01
-1.720137422811327088e+00 5.268693523609897511e-01 -8.499462839160549787e-01
-1.724150545512066257e+00 5.629423570186168346e-01 -8.264961601086385778e-01
-1.728822026383298516e+00 5.974649033765981887e-01 -8.018950612350671525e-01
-1.734303890743351229e+00 6.305708621982233364e-01 -7.761316819629185959e-01
-1.740438575996290815e+00 6.621865822942832880e-01 -7.493389955350089338e-01
-1.747223876292882672e+00 6.923462132871203156e-01 -7.215654654617175146e-01
-1.754658022398472683e+00 7.210817893121510558e-01 -6.928499499331632894e-01
-1.762739650315745976e+00 7.484223798422284801e-01 -6.632223920762136959e-01
-1.771467769407692572e+00 7.743933037160357635e-01 -6.327045212101486404e-01
-1.780841730001808898e+00 7.990153964699432398e-01 -6.013105655183346165e-01
-1.790861190374732903e+00 8.223043222138639585e-01 -5.690479783536689373e-01
-1.801526082941220741e+00 8.442699225640318828e-01 -5.359181820518159611e-01
-1.810708108297022223e+00 8.635948935422971262e-01 -5.041863344515284950e-01
-1.817698658004802015e+00 8.800878778728562501e-01 -4.748108330917192310e-01
-1.822885250158446491e+00 8.942518237219904131e-01 -4.475641582721902045e-01
-1.826609716741841805e+00 9.065048628442078371e-01 -4.221953737783064597e-01
-1.829157418563802429e+00 9.171837147567657444e-01 -3.984645948951797689e-01
-1.830753222794969215e+00 9.265526189231401144e-01 -3.761651822892044250e-01
-1.831585476018098291e+00 9.348254774853521631e-01 -3.551074860437092306e-01
-1.831811461740952440e+00 9.421753006494134608e-01 -3.351204303622614122e-01
-1.831562085041181120e+00 9.487419777036423252e-01 -3.160516725837432817e-01
-1.830945889140673577e+00 9.546386158976384317e-01 -2.977668769978306096e-01
-1.830052495153284386e+00 9.599566823983441965e-01 -2.801484747750104254e-01
-1.828955544326845262e+00 9.647701606631196025e-01 -2.630941601291417187e-01
-1.827715211638668125e+00 9.691389028897743341e-01 -2.465152873669393396e-01
-1.826380350445815592e+00 9.731113304958568522e-01 -2.303352740258930165e-01
-1.824990319891542923e+00 9.767266075556467753e-01 -2.144880744769684100e-01
-1.823576539793858586e+00 9.800163887946097274e-01 -1.989167607165679974e-01
-1.822163811669645916e+00 9.830062242280172002e-01 -1.835722286430524486e-01
-1.820771439268696890e+00 9.857166865294479940e-01 -1.684120360823599949e-01
-1.819414177408308575e+00 9.881642742563422344e-01 -1.533993711963525797e-01
-1.818103033923499146e+00 9.903621336432604227e-01 -1.385021452742470349e-01
-1.816845946103130771e+00 9.923206333334362306e-01 -1.236922012930798953e-01
-1.815648350000078626e+00 9.940478197509065028e-01 -1.089446283598657222e-01
-1.814513658424082410e+00 9.955497754812306921e-01 -9.423717174910939409e-02
-1.813443661196465939e+00 9.968308987540049904e-01 -7.954972840483469365e-02
-1.812438859320449680e+00 9.978941186853171885e-01 -6.486391826935955507e-02
-1.811498743059109406e+00 9.987410581691098521e-01 -5.016272248639012249e-02
-1.810622022480043780e+00 9.993721540664705083e-01 -3.543018030638297317e-02
-1.809806817790942102e+00 9.997867425240100081e-01 -2.065113733499929910e-02
-1.809050815726884753e+00 9.999831157728261699e-01 -5.811038570730233180e-03
-1.808351397335226540e+00 9.999585555522961799e-01 9.104239548995252118e-03
-1.807705741717215542e+00 9.997093473163641830e-01 2.410852314616195036e-02
-1.807110909609638050e+00 9.992307785732523762e-01 3.921544532313400722e-02
-1.806563910109623583e+00 9.985171240502106471e-01 5.443852476414511032e-02
-1.806061753348169541e+00 9.975616198372430077e-01 6.979122170943813375e-02
-1.805601491491585220e+00 9.963564282270154226e-01 8.528697398022945519e-02
-1.805180250085075100e+00 9.948925946157732847e-01 1.009392152668864284e-01
-1.804795251440546311e+00 9.931599975487188647e-01 1.167613774714418434e-01
-1.804443831504085827e+00 9.911472927721419746e-01 1.327668785143864549e-01
-1.804123451411024037e+00 9.888418519850626920e-01 1.489690966702538477e-01
-1.803831704742593578e+00 9.862296968583339485e-01 1.653813321832876548e-01
-1.803566321333141431e+00 9.832954288036835910e-01 1.820167566291082117e-01
-1.803325168336567863e+00 9.800221549248621100e-01 1.988883502280355542e-01
-1.802615701819765714e+00 9.765418433538460841e-01 2.153277227369307656e-01
-1.801555387500749728e+00 9.728302343998422863e-01 2.315196212798127651e-01
-1.800722982998205213e+00 9.686884970953726359e-01 2.482792693623618041e-01
-1.800081973084236120e+00 9.640927596348564110e-01 2.655657184571207363e-01
-1.799666772778490298e+00 9.589919721202853076e-01 2.834332327177702671e-01
-1.799587966034750242e+00 9.532969252424260409e-01 3.020347203937598368e-01
-1.799845575321289859e+00 9.469534683746377857e-01 3.213707029790420777e-01
-1.800299967302354087e+00 9.399692280137630362e-01 3.412592128971910777e-01
-1.800680156020140199e+00 9.324283027105201294e-01 3.613550335949104464e-01
-1.800986755853493326e+00 9.242994006402933671e-01 3.816682040411465970e-01
-1.801227263526786970e+00 9.155450835853836677e-01 4.022153651001320052e-01
-1.801412676022863035e+00 9.061227477271248665e-01 4.230148532279275342e-01
-1.801552619432354341e+00 8.959870039379186357e-01 4.440802728948361477e-01
-1.801655212037202913e+00 8.850898945589521505e-01 4.654201097391719721e-01
-1.801727285108190246e+00 8.733809180502039027e-01 4.870377521155654921e-01
-1.801774572552072406e+00 8.608070613658006520e-01 5.089314326142322376e-01
-1.801801873684464761e+00 8.473128477099788336e-01 5.310940953405582921e-01
-1.801813192825284959e+00 8.328404072199259156e-01 5.535131941532632771e-01
-1.801826777260119750e+00 8.173192400490278953e-01 5.761850916551725099e-01
-1.801855600293704729e+00 8.006786457141078506e-01 5.990940713255490380e-01
-1.801895822134030878e+00 7.828570320896320878e-01 6.222016291426862855e-01
-1.801944281287704452e+00 7.637907808638224605e-01 6.454638975709118265e-01
-1.801998386909808625e+00 7.434145702786957299e-01 6.688309029174278608e-01
-1.802033660073165011e+00 7.216783413157208393e-01 6.922285545076785063e-01
-1.802055433268809903e+00 6.985109190968856741e-01 7.155993962423556898e-01
-1.802086808445999777e+00 6.738268409744540000e-01 7.388892937256487103e-01
-1.802125056941837666e+00 6.475597021575821843e-01 7.620147191108470608e-01
-1.802167937118344554e+00 6.196442517648113046e-01 7.848827945972742803e-01
-1.802206164792744092e+00 5.900226613610675130e-01 8.073866849783957189e-01
-1.802218243431268352e+00 5.586492485499626737e-01 8.294040131893275491e-01
-1.802210709220790630e+00 5.254638921134320295e-01 8.508159014058231939e-01
-1.802201412174056383e+00 4.904040767559220693e-01 8.714951758335622856e-01
-1.802190550891966447e+00 4.534264398507612537e-01 8.912937022352754868e-01
-1.802178274881382380e+00 4.144966642650078636e-01 9.100508311699854191e-01
-1.802164693385257754e+00 3.735912759024073160e-01 9.275934230952758153e-01
-1.802149883260081076e+00 3.306995840727542935e-01 9.437360780928676363e-01
-1.802133896083709885e+00 2.858257501638191145e-01 9.582816081629084159e-01
-1.801618011613077330e+00 2.391811647658689810e-01 9.709749586993695614e-01
-1.800721739551629286e+00 1.907635105323169378e-01 9.816360237121427579e-01
-1.800041896108513395e+00 1.404329193676750465e-01 9.900901954659849791e-01
-1.799655798000873830e+00 8.827566808690456845e-02 9.960960829276513939e-01
-1.799753322121223409e+00 3.439500996631339458e-02 9.994083166000857776e-01
-1.800231248805764794e+00 -2.103197236594400721e-02 9.997788036052766003e-01
-1.800725471899753405e+00 -7.781755036613857701e-02 9.969676167534298195e-01
-1.801128028026001360e+00 -1.357689557362368182e-01 9.907405264035038517e-01
-1.801447115525741438e+00 -1.946594842111078472e-01 9.808708810066009143e-01
-1.801696226935204148e+00 -2.542263765205896586e-01 9.671447407090685289e-01
-1.801886944998711604e+00 -3.141717269600162732e-01 9.493661706522732446e-01
-1.802029152686970948e+00 -3.741635258313320000e-01 9.273627423707866413e-01
-1.802131284002950862e+00 -4.338374922192059779e-01 9.009911377727033432e-01
-1.802200539367102783e+00 -4.927997886500787295e-01 8.701427286982508225e-01
-1.802243070103163536e+00 -5.506306736266417534e-01 8.347489809885787482e-01
-1.801857927874669807e+00 -6.071561751661395112e-01 7.945825186584613009e-01
-1.800636876984999857e+00 -6.621635831766774505e-01 7.493593190950675886e-01
-1.798576173040464354e+00 -7.151246770810881781e-01 6.989969214736709846e-01
-1.795674760888515964e+00 -7.654696266424847462e-01 6.434720278985053277e-01
-1.791934776426272080e+00 -8.125930050924068393e-01 5.828315434796675909e-01
-1.787362040853569756e+00 -8.558624837210511149e-01 5.172034502580522553e-01
-1.781966516314659410e+00 -8.946304572827713519e-01 4.468068317539687917e-01
-1.775923108942036421e+00 -9.281701125981275391e-01 3.721562065579171463e-01
-1.769252037733779481e+00 -9.558987690355037481e-01 2.936963454937920326e-01
-1.761816836901100913e+00 -9.773220764873050692e-01 2.117582555900527908e-01
-1.753645937256829157e+00 -9.919068982042053007e-01 1.269673394811141054e-01
-1.744772133382593848e+00 -9.991978770383656006e-01 4.004500620580931508e-02
-1.735232004087637225e+00 -9.988375077262013901e-01 -4.820407824355235626e-02
-1.725065101130734302e+00 -9.905835129151610019e-01 -1.369098387284816420e-01
-1.714312942144489815e+00 -9.743220457400717516e-01 -2.251589464908760607e-01
-1.703017866708109951e+00 -9.500755383628752826e-01 -3.120199855850466775e-01
-1.691221831007903686e+00 -9.180044980700208246e-01 -3.965699705262731301e-01
-1.678965223145276520e+00 -8.784031431505296972e-01 -4.779204097998642764e-01
-1.666603888036898740e+00 -8.319107876136714319e-01 -5.549093993184839313e-01
-1.654326822753219739e+00 -7.792506840050671402e-01 -6.267123514640788873e-01
-1.642000028876468232e+00 -7.209915134591654562e-01 -6.929438920431163496e-01
-1.629643896267904735e+00 -6.578425877884032102e-01 -7.531554485575052693e-01
-1.617273826558657701e+00 -5.905402481076418297e-01 -8.070081879169287431e-01
-1.604900376416650731e+00 -5.198297777291315258e-01 -8.542698649642755937e-01
-1.592529531662012277e+00 -4.464495773935400758e-01 -8.948087923378542641e-01
-1.580775461678358251e+00 -3.714660156070406782e-01 -9.284465516382888195e-01
-1.570242122802262053e+00 -2.958663602463555420e-01 -9.552293425531764859e-01
-1.560915953429452774e+00 -2.201971041290602948e-01 -9.754553989461415275e-01
-1.552782526800873919e+00 -1.449294642712163905e-01 -9.894419893991046600e-01
-1.545827061360099508e+00 -7.046589131737174272e-02 -9.975141894533873232e-01
-1.539883313920128227e+00 2.862943720770783074e-03 -9.999959017682281681e-01
-1.534179329901918409e+00 7.473560964893249947e-02 -9.972033837940996737e-01
-1.528700774309682764e+00 1.448609750975859423e-01 -9.894520189952500377e-01
-1.523888279591630202e+00 2.130200616211271325e-01 -9.770478255167098780e-01
-1.519576267540167835e+00 2.789689000366787908e-01 -9.603001368386477887e-01
-1.515751132473223795e+00 3.425263325948918469e-01 -9.395082285318707704e-01
-1.512399758485457379e+00 4.035431773919198051e-01 -9.149606024198165821e-01
-1.509509612637680576e+00 4.618982208261139255e-01 -8.869329363585899406e-01
-1.507068811714514123e+00 5.174943632947719419e-01 -8.556866155071836122e-01
-1.505066165932954725e+00 5.702549445183305865e-01 -8.214677706717381511e-01
-1.503491202500602197e+00 6.201202654219253319e-01 -7.845067599536927894e-01
-1.502334171488815651e+00 6.670443170190274440e-01 -7.450180394679173368e-01
-1.501586036106928645e+00 7.109917224924899859e-01 -7.032003772376419493e-01
-1.501238449137791031e+00 7.519348960931142578e-01 -6.592373715418731184e-01
-1.501283717018871533e+00 7.898514211600482504e-01 -6.132982410633934789e-01
-1.501714752822838284e+00 8.247216492099165297e-01 -5.655388592523731273e-01
-1.502525019203195589e+00 8.565265224278243439e-01 -5.161030094639031951e-01
-1.503708462221461595e+00 8.852456228670579907e-01 -4.651238407077351589e-01
-1.505259436861027256e+00 9.108554531049586345e-01 -4.127255062980244027e-01
-1.507172624958984963e+00 9.333279549054740443e-01 -3.590249693154577426e-01
-1.509442946251621454e+00 9.526292744986609717e-01 -3.041339595772806215e-01
-1.512065463233333684e+00 9.687187852848813119e-01 -2.481610667211599786e-01
-1.515035280573966636e+00 9.815483809639444779e-01 -1.912139530135273935e-01
-1.518347439927001163e+00 9.910620541064414368e-01 -1.334016675694912335e-01
-1.522321049407155069e+00 9.972306830726341831e-01 -7.437045608632417149e-02
-1.526950956050671770e+00 9.998986971541679036e-01 -1.423360212306713432e-02
-1.531906781418924890e+00 9.989226019476726837e-01 4.640727656404108198e-02
-1.537181764202789402e+00 9.942155178994144249e-01 1.074034634823246431e-01
-1.542768502584552559e+00 9.856858966599931771e-01 1.685921502490115020e-01
-1.548658846742696271e+00 9.732392740972188871e-01 2.297940716265726435e-01
-1.554843798795866094e+00 9.567804269235775649e-01 2.908113042093390388e-01
-1.561313422835639786e+00 9.362159300178247712e-01 3.514252870538195350e-01
-1.568056767820144692e+00 9.114571031758224029e-01 4.113951252389095314e-01
-1.575061806145908294e+00 8.824233268714724021e-01 4.704562383400632264e-01
-1.582315390674355671e+00 8.490456971443964829e-01 5.283194149002911066e-01
-1.589485979586601871e+00 8.114964046504096196e-01 5.843574122396828496e-01
-1.596244801619912002e+00 7.700331300600361528e-01 6.380039017199998774e-01
