7.980212736237195514e-01
7.958301121441651027e-01
7.922311767714204089e-01
7.872320604136652245e-01
7.808442273288840330e-01
7.730839638507022160e-01
9.659839525345057520e-01
9.654676552054979322e-01
9.648050021916267927e-01
9.639942557704492820e-01
9.630329973914864006e-01
9.619181223775450373e-01
9.606458332122336241e-01
9.592116316015347754e-01
9.576103095446264479e-01
9.558359397013433956e-01
9.538818654015774889e-01
7.697681979954645870e-01
7.596740093877505373e-01
9.470788248478896332e-01
9.443521351946465581e-01
9.414021106268332106e-01
9.382176490650846468e-01
9.347868816153542815e-01
9.310971809303677516e-01
7.512669160382231537e-01
7.385287267799313105e-01
9.186409363039431675e-01
9.138053779817949529e-01
9.086382750389992990e-01
9.031231388166119922e-01
8.972430345002331276e-01
8.909806829843527343e-01
8.843185824545111151e-01
8.772391515074225987e-01
6.839312418217253775e-01
8.464287167288601088e-01
8.374465238067545503e-01
8.279537809150497862e-01
8.179381495613529118e-01
8.073889709146635507e-01
7.962976099738752200e-01
7.846578134095978374e-01
7.724660745373561621e-01
7.597219971483012424e-01
7.464286481234964077e-01
7.325928869724239734e-01
7.182256587742655851e-01
7.033422355960399219e-01
6.879623904723670691e-01
6.721104876321876143e-01
5.346379995719117151e-01
5.310748876214625991e-01
6.288082632307384623e-01
6.155605249021904868e-01
5.640595099197246443e-01
5.912148066226166065e-01
5.766749180149048915e-01
5.617390717783137255e-01
5.464370826363054157e-01
5.308018777664269550e-01
5.148692659031596230e-01
4.986775916811390652e-01
4.822672741137681851e-01
4.656802334924624587e-01
4.489592172167994333e-01
4.321470418832140670e-01
4.152857760260124098e-01
3.984158947835663156e-01
3.136233988782310966e-01
3.665341993184590419e-01
3.498438246012055552e-01
3.332734266960374891e-01
3.168453032327316898e-01
3.005768220121310397e-01
2.844805153456007041e-01
2.685644567970921215e-01
2.528329318147470306e-01
2.372873993946517934e-01
2.219277263906060949e-01
2.069085397502564982e-01
1.790753671210399967e-01
1.773456412190985432e-01
1.627306551774802823e-01
1.485498053057180690e-01
1.346328756477543909e-01
1.210251565285250103e-01
8.833161351046263376e-02
7.802496339085442101e-02
6.816086268272163184e-02
5.879912628121896495e-02
4.999735663050567519e-02
4.180921660686618552e-02
3.428282344468450843e-02
2.745931857471228810e-02
2.137166963577005058e-02
1.604375901261373763e-02
1.148980731093036597e-02
8.662852162146759960e-03
4.539841944664401580e-03
2.543054096455696182e-03
7.420110222010581520e-04
5.833012260351840776e-05
1.975709098703098130e-04
1.117283445204547004e-03
3.250097494875210224e-03
6.155478486050042046e-03
1.071802289660455515e-02
1.578693354944266450e-02
2.177981439181830153e-02
2.865617252694910994e-02
2.973931872111942182e-02
3.675014407318567128e-02
5.072646346178348586e-02
6.015669778947407148e-02
7.008816922741219202e-02
8.047486323352022464e-02
9.128136836005988630e-02
1.024819318817513647e-01
1.248278526271815320e-01
1.375620390123239167e-01
1.506697884129652165e-01
1.602688404276587375e-01
1.735772115046841646e-01
1.877330635896506672e-01
1.658694944080809086e-01
2.170943826285789136e-01
2.318569642161269206e-01
2.470308248540756813e-01
2.626274971526366686e-01
2.786544187988754251e-01
2.951129779364832229e-01
3.119966072868431972e-01
3.292890045432281809e-01
3.546197016196228624e-01
3.726806723212716665e-01
3.908934878529283785e-01
4.091864974442347425e-01
4.274793682336215928e-01
4.456840420060809715e-01
4.637059083753913846e-01
4.369629241100914663e-01
4.509285393279545140e-01
4.643307950870339540e-01
4.771211907442595712e-01
5.285168263141930556e-01
5.554229369678597150e-01
5.694566015310752460e-01
5.825352315178450313e-01
5.945701273504419015e-01
5.496618228396771277e-01
6.132119877901773819e-01
6.218850732542413606e-01
6.292476541170567428e-01
5.774339823360442603e-01
6.386741930220156682e-01
6.421559128832531327e-01
6.441912450702732551e-01
5.877374130359209747e-01
6.438487442867397714e-01
6.411666390282717565e-01
6.370497166604190964e-01
6.315258219168383702e-01
6.246320353876269049e-01
6.164143929725771631e-01
6.069275434476212316e-01
5.962343359859458847e-01
5.844053283122573328e-01
5.715182059120944569e-01
5.576571034831465656e-01
5.429118216764536875e-01
5.273769351542658690e-01
5.111507920472557753e-01
4.943344099126980029e-01
4.770302790833690909e-01
4.593410905788817278e-01
4.003888693711565860e-01
4.213437860965651427e-01
4.031563464222336357e-01
3.519942315041457714e-01
3.364942292653451128e-01
3.208840983597742724e-01
3.052286843865111843e-01
2.895927057460243592e-01
2.740395821892444572e-01
2.586302304264939123e-01
2.434218798973841746e-01
2.284669689567889739e-01
2.138121859983566908e-01
1.994977204579707897e-01
1.855567843976416997e-01
1.720154559099481839e-01
1.588928807330544091e-01
1.282096570672243141e-01
1.172835223449149172e-01
1.067468784316638331e-01
1.184185421711406450e-01
1.068460722380939754e-01
9.575091340373950710e-02
8.513711143084359834e-02
7.501369913625965946e-02
6.539523927051707486e-02
5.766799478042272664e-02
4.786952528706035770e-02
3.992979816713347618e-02
3.260149059814610589e-02
2.592175191540991436e-02
1.625500671092008909e-02
1.455676871887871815e-02
1.027339242637287028e-02
6.502035550916569935e-03
3.587648746723444502e-03
1.536306178969537193e-03
3.454322485876343187e-04
3.526754603855834486e-06
4.902417845604801518e-04
1.776807041477167443e-03
3.826779103710527784e-03
6.597070928286734824e-03
1.003920281684419179e-02
1.410070648468758105e-02
1.497916617355828789e-02
1.903356805494750906e-02
2.339873895073218621e-02
3.417153379823104770e-02
4.008578397739413768e-02
4.630196337250431365e-02
5.367328324715750498e-02
6.168370151755033642e-02
5.743106741899642320e-02
7.367908989473605230e-02
8.219138166111852883e-02
7.971606265218471321e-02
1.092177412893309274e-01
9.502877365538021925e-02
1.027018117753339677e-01
1.103811169804971709e-01
1.180579377310072980e-01
1.257230197407353811e-01
1.333637891531652686e-01
1.762447387672265442e-01
1.491410492872401183e-01
1.571696584579623801e-01
1.650172757760703657e-01
1.956842930513983947e-01
2.032130272255597558e-01
1.853972588534791854e-01
2.180277783409125536e-01
1.975295029520512113e-01
2.309183560823362125e-01
2.362995372401716088e-01
2.118725333391718590e-01
2.453788918081152015e-01
2.185134184860049178e-01
2.514499400751654123e-01
2.532137215721153578e-01
2.231823080678437821e-01
2.542960039980129427e-01
2.226226978606513640e-01
2.520101092222827299e-01
2.496515930057926769e-01
2.704875194534595573e-01
2.128038003307597681e-01
2.378136728455666482e-01
2.039439956978685298e-01
2.265277036910775532e-01
2.202720501195063185e-01
1.869432884233318548e-01
2.058459551576665159e-01
1.734808651544477165e-01
1.899839508636998464e-01
1.822222099827741915e-01
1.519799108784814778e-01
1.651683044751844631e-01
1.719433414771597002e-01
1.487761767677792391e-01
1.409652911987760715e-01
1.332564188885423107e-01
1.345070212238856644e-01
1.179066886955197624e-01
1.106426153809059870e-01
1.035573866032009488e-01
9.666196268434033845e-02
8.996527809648999230e-02
8.220647458331190038e-02
7.475450615212828054e-02
6.762070666243129302e-02
6.178375082113108513e-02
5.526057241013757754e-02
4.906502129549657198e-02
4.319541195851607507e-02
3.764978892538497351e-02
3.242746398800822744e-02
2.964929849885845903e-02
2.484065712707033205e-02
2.038863446102574459e-02
1.631089462788511482e-02
1.189382332679327949e-02
8.983854976687469934e-03
6.478005350382751680e-03
4.382015563417456308e-03
2.698178833555109346e-03
1.425417235109836117e-03
5.594975959867618410e-04
9.337330067360207983e-05
1.762970120677469240e-05
3.210021991250779452e-04
9.909285965162661480e-04
2.014091832860398674e-03
3.376906520498421972e-03
5.065903446209650898e-03
7.067970874503628174e-03
9.370420188271617878e-03
1.025695616655080550e-02
1.461242312092933190e-02
1.782804227584039100e-02
2.131592089712338808e-02
2.452524503421216542e-02
2.796951191464671152e-02
3.510014471030321881e-02
3.661017612962756684e-02
4.427628354176118414e-02
4.538724744355286667e-02
4.343269874043735601e-02
5.402680550411336630e-02
5.879388509636414295e-02
6.376562062804573550e-02
6.894112605862327825e-02
7.431915234471875298e-02
7.989793758795060707e-02
8.567501956965099807e-02
9.164701141316000665e-02
9.780934295679785673e-02
1.041559724382247337e-01
1.106790752209351053e-01
1.173687184540122136e-01
1.242125326459996154e-01
1.327190900925102890e-01
1.411337035756723146e-01
1.631604376436152914e-01
1.712895118637069725e-01
1.792268716456978661e-01
1.869066720328884379e-01
1.942614223827495434e-01
2.012231057135819845e-01
2.077243848696618267e-01
2.136998620020700013e-01
2.190873552257096568e-01
2.238291549745071995e-01
2.278732225725886296e-01
2.311742948522717833e-01
2.336948612148226356e-01
2.354059832402959351e-01
2.362879316672313879e-01
2.363306211131712686e-01
2.355338291039712206e-01
2.285890255168339935e-01
2.312565241012627948e-01
2.073370843357916493e-01
2.039010515989051753e-01
2.000428388400050106e-01
2.143424171959605329e-01
2.085281206060775605e-01
2.021771635576616877e-01
1.953537100119792091e-01
1.881239790213359020e-01
1.805549914542906587e-01
1.727133689312196074e-01
1.614477345416021059e-01
1.569744060070825398e-01
1.487377043629090345e-01
1.404624109896524253e-01
1.321995442652622588e-01
1.121003235485892313e-01
1.127817960025090660e-01
1.054231062395528801e-01
9.824417303516685962e-02
7.537000215059702635e-02
8.538539083227310311e-02
6.323776566740180183e-02
7.090172333389514747e-02
6.475353568005003113e-02
4.712867997337982090e-02
4.757747157625480394e-02
4.556535420924118923e-02
4.035878898914423835e-02
3.544372948547967056e-02
3.082523962224081523e-02
2.650870885561317988e-02
2.249974255446650709e-02
1.763178442205995747e-02
1.459218101581468210e-02
1.184684337404163894e-02
9.395014650226459624e-03
7.235156618407017834e-03
5.197574393191579066e-03
3.588513836902726146e-03
2.202825672068012188e-03
1.186973880125156587e-03
4.864437113627586608e-04
8.725404302738233163e-05
1.089107576419260806e-05
2.538422711268695448e-04
8.283636636399945583e-04
1.705140067609303527e-03
2.950192967028700090e-03
4.445108065993507232e-03
6.263346502400773258e-03
8.562277468113875870e-03
1.098188309517250834e-02
1.399074039306732499e-02
1.698258953136676588e-02
2.028047542561623243e-02
2.388412447208880865e-02
2.835732173571157283e-02
3.249884117456543903e-02
3.692855316096101126e-02
3.750780739605417968e-02
4.763713278480351948e-02
5.282412657520072635e-02
5.246734590714668967e-02
6.539894853711379630e-02
6.414743779751587438e-02
7.912367956971466665e-02
8.541265810822018523e-02
1.017965660981845627e-01
1.011743930414837206e-01
1.173458659935210646e-01
1.262690337530639750e-01
1.090551957536367994e-01
1.424481431825503353e-01
1.224117554876370667e-01
1.588312662283427878e-01
1.569325312686616625e-01
1.808551539316653745e-01
1.892482584077703200e-01
1.973517606725005147e-01
2.009154990746827296e-01
2.127366650587133590e-01
2.194806345854606044e-01
2.256453286602920216e-01
2.110399926841393103e-01
2.363185150367154430e-01
2.402446386788681942e-01
2.433637268554236788e-01
2.456405311681527370e-01
2.470492249477096169e-01
2.475739630677515901e-01
2.472092177582335404e-01
2.459598795907445845e-01
2.438411204252852460e-01
2.408780228692530834e-01
2.371049884213926873e-01
2.325649436737378395e-01
2.273083704523486681e-01
2.160815602705559169e-01
2.144260357433232234e-01
2.073339840688633862e-01
1.997851938535621930e-01
1.918496772242352377e-01
1.835973598863077927e-01
1.750969168130107889e-01
1.526747867924760638e-01
1.457697872254998528e-01
1.223875327991902767e-01
1.168161315674288714e-01
1.084843004034769243e-01
1.029281871779582219e-01
1.169036881703808539e-01
8.759833409972184182e-02
9.845113635989506673e-02
9.006216594506272211e-02
8.193087728481104892e-02
7.408456060980243840e-02
6.654543653394746905e-02
5.933158889527543473e-02
5.395825153406644259e-02
4.756578256226919738e-02
4.151489527996216761e-02
3.303013597561849091e-02
2.854456824398848153e-02
2.437621020661955712e-02
2.223271818404198852e-02
1.671458830750951682e-02
1.351498679988366591e-02
1.066037938194965354e-02
8.151685080731205235e-03
5.042697519697922348e-03
3.890023275886205206e-03
2.404331622598984090e-03
1.280893954902908010e-03
5.130425480102988271e-04
9.272173039978773908e-05
1.064186852341946594e-05
2.563897074097698557e-04
8.184764497440774307e-04
1.684309453648464867e-03
2.840079790742172823e-03
4.270565785369925815e-03
5.958861508035086414e-03
7.886048309375682727e-03
1.003083603530669811e-02
1.236920770860049958e-02
1.487410640491712219e-02
1.868871056666412955e-02
1.973687190096521521e-02
2.223677765464597555e-02
2.491791164891590457e-02
2.425020725678604314e-02
2.680556140875935134e-02
3.467103366579606105e-02
3.319988196432279576e-02
3.614297775525913275e-02
3.927845853931088288e-02
5.268321867060781621e-02
4.655927735707441478e-02
6.206351813844361576e-02
5.455667857820906824e-02
7.232031184434428717e-02
6.327182965574332241e-02
8.578029558739079519e-02
9.260079065928804309e-02
9.951786937320773740e-02
1.064946778741620859e-01
1.134909711639998098e-01
1.204632747914603091e-01
1.273651550703519819e-01
1.341476007257964287e-01
1.407595147536189473e-01
1.471483109546778689e-01
1.494586496403781384e-01
1.587691696178916145e-01
1.643110064111134028e-01
1.694290635376016763e-01
1.740738305386265450e-01
1.781990717518301681e-01
1.817627002971042571e-01
1.480605516134718969e-01
1.827154117155276869e-01
1.840202577635774162e-01
1.848669509223715146e-01
1.850985738547537007e-01
1.847121410133159836e-01
1.878636797252569157e-01
1.861478482123274103e-01
1.837812392487907787e-01
1.652994570180415235e-01
1.781412234979106723e-01
1.384431200481959778e-01
1.649508644041901839e-01
1.603977174225964253e-01
1.555794215402846459e-01
1.534258566727097761e-01
1.473965519236307975e-01
1.114909782214774936e-01
1.301435400318625146e-01
1.239668340516660999e-01
1.177654560724951255e-01
1.115665322860430464e-01
9.664459519911140772e-02
9.739669914209325707e-02
9.117670443355103960e-02
8.507511233445350096e-02
8.040131967103618382e-02
6.029556056579619960e-02
6.918518579036578298e-02
6.315379507357084254e-02
4.487656666601305688e-02
3.940160992367528620e-02
3.415791521973768341e-02
2.919333604788138317e-02
2.454509639682194225e-02
2.392698252951082002e-02
2.023446144024506829e-02
1.687254632848078292e-02
1.383663538839944793e-02
1.112154629215480160e-02
8.721525351329244280e-03
6.630268575813912969e-03
4.293801550052669946e-03
3.402902249107140481e-03
2.196386043461395331e-03
1.198571300435919904e-03
5.232850080204676062e-04
1.153361710522572193e-04
2.533535360207057115e-06
1.950417123896645301e-04
7.351202866825626943e-04
1.453194506582052882e-03
2.566474144368012349e-03
3.894710570178440499e-03
5.640716183689825115e-03
7.504002682866472637e-03
9.659361706836479960e-03
1.240745647624441096e-02
1.507533371785002747e-02
1.848375268036614449e-02
2.162790242466634469e-02
2.504834441264922398e-02
2.947263516929472804e-02
3.416711746210657902e-02
3.815382111377271096e-02
4.238529192306508125e-02
5.205545726556366076e-02
5.331388357335157396e-02
5.802902378220656937e-02
5.496301867737522773e-02
6.776973319438925336e-02
8.116771650665902116e-02
6.937990738318965123e-02
7.400683853557975256e-02
7.881182707666631315e-02
8.379081387524667246e-02
8.893875072761715794e-02
9.424952145484953581e-02
1.140989146944908494e-01
1.057589879772837804e-01
1.114675351272997189e-01
1.172986241338021263e-01
1.530946732243453623e-01
1.311323246795753905e-01
1.370697708820980409e-01
1.430527563936833391e-01
1.490603550247003584e-01
1.550694886207983625e-01
1.610548682949037858e-01
1.669889716237802080e-01
1.973881401923010537e-01
1.790105941878672724e-01
1.845546829258956079e-01
1.899132020291861844e-01
2.453157076654502167e-01
2.009803686935392186e-01
2.054010376008649774e-01
2.094768867888131547e-01
2.619702656357630333e-01
2.669329651036728146e-01
2.708544782329726508e-01
2.233084369517900625e-01
2.749961347743226092e-01
2.759179638659925438e-01
2.756874434160772602e-01
2.245003241213513467e-01
2.722210709672673312e-01
2.689455913697388345e-01
2.646060890893499051e-01
2.128311237506927966e-01
2.541342171716335918e-01
2.301089666474714079e-01
1.968429125130421176e-01
2.323806537451803267e-01
2.235370037850660796e-01
1.766837821238566586e-01
2.063183902554470706e-01
1.622423815877517550e-01
1.881817857921147807e-01
1.472434259792005096e-01
1.696456734773984787e-01
1.634417584560242664e-01
1.240863883281213831e-01
1.175445588550546733e-01
1.111464547899175120e-01
1.049081917722982510e-01
9.884361785174003434e-02
9.296447023298842760e-02
8.728052983968966061e-02
8.179976947567114964e-02
7.420833472553126087e-02
7.657646220328857833e-02
6.896527340681521401e-02
6.171503218270824043e-02
5.484963523518777279e-02
4.838445042856939077e-02
3.830372346596623567e-02
3.795613694443528141e-02
3.573978656184480934e-02
3.109268625977174363e-02
2.678933103793329495e-02
2.282654843918877421e-02
1.920077289310965704e-02
1.590802032287060366e-02
1.215062357621350328e-02
1.040658747511815502e-02
8.087812657118062867e-03
6.077226066340482395e-03
4.368134571507695414e-03
2.953301222248461144e-03
1.824968969452427569e-03
9.530174087355794670e-04
3.623234272906640670e-04
5.201146888675159689e-05
2.112438183944389652e-05
2.685289600332440110e-04
7.774843845570678829e-04
1.664506187285662298e-03
2.485818913011527374e-03
4.078894282927201208e-03
6.190308443560967738e-03
8.847826794428376856e-03
1.205956658218349312e-02
1.801330007308202252e-02
2.288613762830864901e-02
2.831525663582626709e-02
3.425459986002892671e-02
4.065160296254306110e-02
4.745705600832075127e-02
5.462779963948338063e-02
6.212120045137609764e-02
6.135646349402434918e-02
8.369113846433852422e-02
9.255964286664415674e-02
1.015685746825710362e-01
1.131921795065610886e-01
1.199174408642804529e-01
1.292453695782714018e-01
1.386537161747506131e-01
1.380210361320854118e-01
1.577319912741963204e-01
1.712445017801162706e-01
1.771646256153907029e-01
1.869283397337226926e-01
1.967365701475874695e-01
2.066058702575845063e-01
2.165414665887950840e-01
2.265462566826245139e-01
2.204648469835701896e-01
2.467404037259541827e-01
2.569425706874256532e-01
2.671913493959083286e-01
2.774712646381691239e-01
2.877594094653205259e-01
2.980231065696134496e-01
3.082355952293863721e-01
3.183789654143104331e-01
3.284324815281217669e-01
3.383720220055270733e-01
3.481720641267139205e-01
3.578072653604945641e-01
3.672535310062862157e-01
3.764885854860622327e-01
3.854921394084757647e-01
3.942457708332716138e-01
4.027314030287071356e-01
4.109299981908115518e-01
4.188253817367686427e-01
4.264051147967093947e-01
4.336605362221501170e-01
3.675233335641643340e-01
4.531295520048915781e-01
4.566353005471232573e-01
4.597968255523101622e-01
4.761534062486267316e-01
4.680690182756189199e-01
4.702358217876063673e-01
4.728296780106557295e-01
4.786726660226635621e-01
4.841044824388290868e-01
4.890233552437341924e-01
4.035357809765707238e-01
4.066674985807497977e-01
5.007926058798112257e-01
5.041747895391750500e-01
4.776026410667634226e-01
5.140517364163753600e-01
5.155086405130039351e-01
5.169026901525364259e-01
5.182197709438388644e-01
5.194466880145601761e-01
5.205645535025688053e-01
5.215621404507901904e-01
5.224368431651600364e-01
5.231905216376299128e-01
5.238268181928482647e-01
5.243475691668066929e-01
5.247529047332482044e-01
5.250419914684086864e-01
5.252130771342132798e-01
5.252625645671499255e-01
5.251857677469063956e-01
5.249775817197180894e-01
5.246328018941440741e-01
5.241463012408251743e-01
5.235130832642538312e-01
5.227282462333984192e-01
5.217868962168812352e-01
5.206840398756141797e-01
5.194144785160947908e-01
5.179727161067426700e-01
5.163528872946147041e-01
5.145487071335757001e-01
5.125534418422176275e-01
5.103598988777300338e-01
4.785343959680523063e-01
5.097868568265080391e-01
5.043996706634885641e-01
4.983230065412330712e-01
4.924885534308314217e-01
4.894783764803350423e-01
4.862277602335500770e-01
4.849361408078053381e-01
4.834351382943294362e-01
4.817235612955533819e-01
4.797993510767732950e-01
4.776596184574200543e-01
3.935762527297200775e-01
4.786390789399075363e-01
4.760287268256814253e-01
4.732004663691135038e-01
4.701476248439571681e-01
4.668630577876150545e-01
4.633392416652065138e-01
4.595683786087773615e-01
4.555425140280620067e-01
3.604014010867009343e-01
4.427120896022375685e-01
3.411860873000464589e-01
3.279448665666325757e-01
3.697577081076731664e-01
3.230808280873089799e-01
3.098204604963108455e-01
2.966273464906047930e-01
2.836339177818798518e-01
2.709476118288464130e-01
3.021497566671814683e-01
2.531685258460365517e-01
2.414805930672729029e-01
2.836640267919554037e-01
2.723432977895212659e-01
2.426053618550183810e-01
2.317529656670982707e-01
1.937627827893417809e-01
2.104070632309948674e-01
2.003762171692186900e-01
1.905479307243751197e-01
1.989494286610961060e-01
1.888117567987946388e-01
1.787223710037444957e-01
1.687097435012154811e-01
1.447333267286138037e-01
1.357505875034139831e-01
1.267920620215485794e-01
1.178757515354039304e-01
1.090144765494424489e-01
1.002214867249098390e-01
9.151428821778459510e-02
7.273537782358069359e-02
7.438123270557202293e-02
7.094229577066168968e-02
5.806165214434562405e-02
5.023547726857252593e-02
4.270749157134455520e-02
3.553808166000735347e-02
2.879587576780137659e-02
2.422400689483020925e-02
1.693814854661641542e-02
1.196863582200159530e-02
7.750104506347995498e-03
4.367706515140734602e-03
1.902416726988086140e-03
4.278220175021380423e-04
6.940960903146868171e-06
6.892890717897967026e-04
2.508411759833393574e-03
5.480084866487373689e-03
9.601329794767103284e-03
1.485031373029061831e-02
2.118711866667741597e-02
3.062679050134478262e-02
3.950212884089115278e-02
4.926489673720989976e-02
5.980981413384436202e-02
7.102786987687587095e-02
6.769948793699236134e-02
7.753044671030207002e-02
8.751725799914902848e-02
9.757950912768516283e-02
1.076451322727965537e-01
1.176495248747854716e-01
1.275344963745839166e-01
1.372471676431713805e-01
1.468199900031249838e-01
1.562467048202023090e-01
1.884650476481187498e-01
1.987652707290497589e-01
2.085384268431872412e-01
2.339726704657775491e-01
2.437339953149414429e-01
2.530504441860930709e-01
2.618919860893350049e-01
2.702293349055611693e-01
2.780340047425644001e-01
2.655223240516906280e-01
2.915823761250674884e-01
2.975978384199614579e-01
3.029748954028625985e-01
3.076936605744430842e-01
3.117369712778459423e-01
3.150906507581920368e-01
3.177436727473533784e-01
3.196882082623351273e-01
3.209195433230490613e-01
3.214358668296973809e-01
2.988634166320757735e-01
3.198009830480728621e-01
3.181580796914298959e-01
3.158082045209645305e-01
3.127574582612115406e-01
3.090122137804767743e-01
3.045788556663205915e-01
2.994636813479418791e-01
2.936729877625443574e-01
2.674386477361673786e-01
2.801976371383340658e-01
2.727915772860738386e-01
2.162082731067682395e-01
2.554937409234873669e-01
2.461992879177576643e-01
1.931573900822023682e-01
2.100395728743327528e-01
1.751989607378815206e-01
1.655225518129459228e-01
1.554396139686143041e-01
1.450059607684585361e-01
1.641614822497415305e-01
1.234284070164320957e-01
1.124187838313597948e-01
1.013799676741063555e-01
9.041377911931242073e-02
7.962734916474233093e-02
6.913126058197800738e-02
5.903742347609453045e-02
5.631447038255644327e-02
4.607697352922291573e-02
3.664068245862733830e-02
2.811440878490947121e-02
2.059627285592276202e-02
1.519481557033120454e-02
7.801564691113710946e-03
5.173637572496482540e-03
2.126401425835110215e-03
3.938526941961087284e-04
5.771437421330323145e-05
1.291175090257442671e-03
4.208627370948615949e-03
8.862141072426310204e-03
1.420141793354526803e-02
2.168822944518855600e-02
3.061064967996245112e-02
3.584962889672067138e-02
5.217110975440560072e-02
6.444374691008812606e-02
7.744729643693407106e-02
9.763944049202798181e-02
1.125242137310149271e-01
1.275644216608727843e-01
1.425689630506268291e-01
1.573621809269415139e-01
1.717852267961685331e-01
1.856965230882306472e-01
1.989715262206158963e-01
2.115019785460973412e-01
1.826090183484930241e-01
1.914136394382738027e-01
2.271170957442531224e-01
2.525091723391506560e-01
2.602393651955337006e-01
2.668713276180806893e-01
2.723589942559836441e-01
2.766645752711310302e-01
2.797580606891353350e-01
2.816166941162378534e-01
2.822244855268790653e-01
2.815718238316201605e-01
2.796552396302221521e-01
2.764773266502907334e-01
2.782472292923163781e-01
2.664248941863052722e-01
2.419519022032627642e-01
2.346990176166476594e-01
2.265577825043288140e-01
2.334171425714232362e-01
2.076004700809582493e-01
1.728524407013479480e-01
1.853590505962687263e-01
1.732731455335942417e-01
1.606808855177321027e-01
1.584605835016293096e-01
1.441153923352298805e-01
1.295262791501299582e-01
1.148313543915277374e-01
1.001843508748173212e-01
8.575563226436894171e-02
7.337204419312727544e-02
5.968396306296959442e-02
4.686524124303547562e-02
3.199808949195973723e-02
2.468994891764454691e-02
1.583783690922912005e-02
7.047245962741695985e-03
3.413610562704735753e-03
