7.214434380408486780e-02 -8.968514348318343266e-02
3.957565135720928634e-02 -3.983738075670539835e-02
7.189951567121091736e-02 -8.430730135070493847e-02
3.933932220753240394e-02 -3.464775289288524879e-02
-2.566326971547325253e-02 6.208841245824429228e-02
6.664881305540881762e-03 1.753072596818160828e-02
3.899163247656278752e-02 -2.699978477266861548e-02
7.132013662156233558e-02 -7.157149837708984275e-02
1.360985459203624681e-01 -1.633828551492183812e-01
3.866289465009684068e-02 -1.979034827453513001e-02
6.119079824080039809e-03 2.950974123899561402e-02
1.033536615694274768e-01 -1.096702604316246443e-01
1.357053883753485124e-01 -1.547552084170741304e-01
2.005131137174955835e-01 -2.472102477766897066e-01
2.653380504691187913e-01 -3.400449145603774981e-01
1.679590963609459420e-01 -1.977220018763654052e-01
1.354849956767409103e-01 -1.499719502196364962e-01
1.354669152663773302e-01 -1.495871630220123316e-01
2.003502573130671593e-01 -2.437039176273629870e-01
1.030225032035459454e-01 -1.025086788401273208e-01
7.059341188516113363e-02 -5.574403261400049520e-02
7.061386879791790860e-02 -5.620124110693339864e-02
1.679746929016356083e-01 -1.981530545497216522e-01
2.004576383982136778e-01 -2.461332034929308854e-01
1.031758676160570154e-01 -1.059476363987733594e-01
1.032381732463962393e-01 -1.073297688259278321e-01
1.357531765275331037e-01 -1.560094739780664708e-01
2.331689311184593494e-01 -2.991912627471755570e-01
2.657139207682104876e-01 -3.485603262173699868e-01
2.982821577148034864e-01 -3.984570342947611477e-01
2.659883923751498735e-01 -3.547096271725603822e-01
3.310512017708384658e-01 -4.528634964028036003e-01
2.339265690490910377e-01 -3.161326723806688888e-01
2.341551981424493112e-01 -3.212226770603560100e-01
2.992900633854767012e-01 -4.210017164285647651e-01
2.995677672482350840e-01 -4.272197507015665918e-01
3.971953882613289410e-01 -5.753298764055920778e-01
3.326591402833523614e-01 -4.889345290517140286e-01
3.654742751258211464e-01 -5.444716194456473701e-01
4.631946763217198448e-01 -6.948835615380224429e-01
5.285143451263528691e-01 -7.992584755139739983e-01
4.641515999886972055e-01 -7.168589085570832298e-01
3.998461292235940268e-01 -6.356138367776570375e-01
4.652955345474828475e-01 -7.430718670924990610e-01
4.983574666321714530e-01 -8.046885345111108867e-01
4.017889347372788911e-01 -6.801180226319272215e-01
3.701150721725494641e-01 -6.503056864511572721e-01
4.681354542673390462e-01 -8.085430904424079079e-01
4.689591709537470066e-01 -8.277097618671771517e-01
5.670369504787597936e-01 -9.880476053158582239e-01
6.003465752190643157e-01 -1.056476244411680199e+00
6.660888220049540065e-01 -1.172866058709212789e+00
6.347285970973014502e-01 -1.151620891094592425e+00
6.358174044526410107e-01 -1.178475454097067221e+00
7.016846019619811248e-01 -1.299384647401518711e+00
6.705326964448958815e-01 -1.283823572096724153e+00
5.747980770011537066e-01 -1.178525081096275740e+00
6.731258852411254878e-01 -1.349864131863476313e+00
6.422013362976299877e-01 -1.340302540936222586e+00
6.436564000184098466e-01 -1.378262393782988537e+00
6.128908508964597823e-01 -1.372980139338801253e+00
7.112484749506065018e-01 -1.549898822034734724e+00
6.805886287776076182e-01 -1.549127443897396539e+00
6.500181122221431185e-01 -1.550792315780011421e+00
7.161244672176146908e-01 -1.687691059970026330e+00
6.856620875009691307e-01 -1.694335480518910808e+00
7.195774558171633695e-01 -1.790946312118741002e+00
7.213500517426821856e-01 -1.846261077356404767e+00
6.910572612109716628e-01 -1.861066763324919160e+00
7.890636829006762998e-01 -2.048985814574672659e+00
7.267680891854385594e-01 -2.027477024660192306e+00
6.965930850530265284e-01 -2.051216324726182538e+00
6.025824744802324995e-01 -1.995655622571354204e+00
6.683184806872003447e-01 -2.147675679230150791e+00
7.657179589041323009e-01 -2.341267747880734884e+00
7.036894643342403999e-01 -2.337864808230224245e+00
7.053170567668390900e-01 -2.416404731775895876e+00
6.116817824010282179e-01 -2.382889642949459486e+00
6.766035021717117237e-01 -2.542128689063604341e+00
7.095623951040206379e-01 -2.665668377649686782e+00
7.738067215525316067e-01 -2.827141510301788951e+00
8.061140362097187761e-01 -2.954468325115944261e+00
8.694936725103428188e-01 -3.117860599895310614e+00
8.068659945324110350e-01 -3.149444037843978528e+00
8.380961159285328366e-01 -3.282429073741512937e+00
7.751567369864498236e-01 -3.324313776847902968e+00
6.809610084135818697e-01 -3.341783521519636313e+00
7.422108996495684341e-01 -3.508435559689591976e+00
8.337246350407471196e-01 -3.702264474099815850e+00
9.242698803061996093e-01 -3.894415778287064978e+00
9.520469165762148744e-01 -4.036031377781019280e+00
9.790259524064786056e-01 -4.178689205498712589e+00
1.005151497981393804e+00 -4.322247537454280142e+00
9.077859716414234947e-01 -4.389556847479886947e+00
9.017657726063156298e-01 -4.517174995361426859e+00
8.948928018079926883e-01 -4.647116389188557406e+00
8.566552233525877025e-01 -4.765704024882301049e+00
7.871653024960836298e-01 -4.876911826722320598e+00
7.472519652992211103e-01 -5.003723372829965932e+00
8.277623117858884383e-01 -5.163474985149942853e+00
8.161091005535998644e-01 -5.303115162413723382e+00
8.033920795353389765e-01 -5.444211474897352687e+00
8.502053805625532368e-01 -5.587087734977027154e+00
7.444017488159658802e-01 -5.737043319916916850e+00
7.284482933010568706e-01 -5.881173958268347768e+00
6.810952431141478192e-01 -6.033050111577503039e+00
6.022465858359096202e-01 -6.197586894437194793e+00
6.442488074858233604e-01 -6.316825852122340379e+00
7.163343893936231499e-01 -6.414538493263204799e+00
7.575970549542013766e-01 -6.520674898640725914e+00
7.987322490340963421e-01 -6.619349900531550368e+00
6.853796637622837640e-01 -6.826655485585685135e+00
5.710710026338120526e-01 -7.038809182009835297e+00
4.871810157612603276e-01 -7.226203273822647155e+00
5.284552683797092421e-01 -7.288458410903028373e+00
4.134174962791021257e-01 -7.507871017556134063e+00
2.984031796529003633e-01 -7.727187938591251637e+00
1.838108428778153225e-01 -7.944632032976008951e+00
1.020841108526549662e-01 -8.117600730662585917e+00
1.504953391392757911e-01 -8.112618734640593132e+00
4.073713764757812272e-02 -8.310819106640845888e+00
-3.439834838428601493e-02 -8.453149490335691851e+00
-1.065809671543694048e-01 -8.581530919401489044e+00
-1.322305531042672344e-02 -8.459737603043334886e+00
-7.843086731905088427e-02 -8.555516524744058771e+00
-1.075483980289943242e-01 -8.586607988192142216e+00
-1.006334882690781141e-01 -8.553519280057150453e+00
-1.548084437472772301e-01 -8.594633035549117395e+00
-2.374366368458796783e-01 -8.661089874802916810e+00
-1.882731871584212846e-01 -8.537684329022011909e+00
-2.322892806746459926e-01 -8.524396669241399493e+00
-2.100841275331101488e-01 -8.418147485339826375e+00
-2.490402749049042963e-01 -8.373095169669673155e+00
-1.919956937201073577e-01 -8.214924793037111428e+00
-1.966199996794789351e-01 -8.113115088482480530e+00
-2.622932702984316355e-01 -8.057002364739647149e+00
-2.035682890119539512e-01 -7.891038189982460871e+00
-1.145873000468788511e-01 -7.704621296881621895e+00
-1.182386302242499215e-01 -7.576140584425314906e+00
-3.093807297482453755e-02 -7.399896642458493545e+00
2.475199708038507140e-02 -7.241376539076130214e+00
4.893652025054616439e-02 -7.094848400708530178e+00
4.165336072453338506e-02 -6.954609928185620404e+00
1.240723806699551846e-01 -6.806524494315283391e+00
5.364175759295435053e-02 -6.662057539343353874e+00
4.244286475773270673e-02 -6.518711121561345578e+00
-3.090617745491797130e-02 -6.361785693358719129e+00
-1.058745092774467794e-01 -6.199347789270105658e+00
-1.825135316567220167e-01 -6.031852338464025465e+00
-1.691655803003314917e-01 -5.903834849686279362e+00
-1.264009170802440629e-01 -5.796409440793889090e+00
-2.075944748885243107e-01 -5.616628926455966564e+00
-1.362808728741287667e-01 -5.542970566444009428e+00
-2.203173616168858651e-01 -5.357259914128162492e+00
-1.196730153123011786e-01 -5.326202104314432972e+00
-1.930443321213996810e-02 -5.305680525991963492e+00
-1.294613707801867131e-02 -5.205265804711999955e+00
-3.876704482569909294e-02 -5.077459629698258148e+00
6.040485857229774269e-02 -5.087397706181815416e+00
1.584817247037767496e-03 -4.930756158696404157e+00
-8.994078422977945519e-02 -4.738982701007182108e+00
-1.507709572070483062e-01 -4.585995535687325209e+00
-1.805187488309571986e-01 -4.474836777591889359e+00
-2.427608583100945572e-01 -4.326884463550059401e+00
-3.056153413951879783e-01 -4.181783038871554226e+00
-3.689927431080661235e-01 -4.039754014987131825e+00
-4.006450044498449659e-01 -3.944412314928788188e+00
-3.036690219823776626e-01 -4.029943412027741978e+00
-3.033180570518946850e-01 -3.988534818180138330e+00
-2.061172926310672060e-01 -4.088619805193599355e+00
-3.029048690019806589e-01 -3.920571212630241220e+00
-2.704078580559772793e-01 -3.941736762038683395e+00
-2.703156103547755262e-01 -3.922121501940045274e+00
-2.053979270983453675e-01 -4.001760037817894577e+00
-1.404632035369715037e-01 -4.087406979264403439e+00
-1.079951796234045747e-01 -4.131868209402798087e+00
-1.729071670129420091e-01 -4.040785049620872371e+00
-2.378304845071088636e-01 -3.955599222911727164e+00
-3.027277036423854928e-01 -3.876375075642194190e+00
-2.380224020212808322e-01 -3.989477676391120387e+00
-1.411370463949173648e-01 -4.153568625659554314e+00
-7.688639304665619012e-02 -4.276049280946937259e+00
-1.097446637434320027e-01 -4.267349592754268173e+00
-2.070709330094843148e-01 -4.175806277757893703e+00
-1.756278994248332281e-01 -4.267541150879259781e+00
-1.765994286666284219e-01 -4.320729247289321506e+00
-1.458144596097001866e-01 -4.421398087351749773e+00
-1.793283533856697143e-01 -4.443990892837312856e+00
-1.175065192404173287e-01 -4.593053211110802003e+00
-5.645431543205769315e-02 -4.744615112037683602e+00
-5.955852222178772970e-02 -4.823458260144724008e+00
-3.167006174058500934e-02 -4.943334441309843008e+00
-6.747845496488336092e-02 -4.997522694201679272e+00
-1.350765177827115138e-01 -5.025416282789951339e+00
-1.405369135907639233e-01 -5.123724562025719464e+00
-8.457673147781008538e-02 -5.284936085051599619e+00
-1.229379022215240924e-01 -5.364495323500841018e+00
-3.845221575301263628e-02 -5.551306501581236397e+00
-1.721713521779253894e-02 -5.689274692562769964e+00
-5.868363376314626734e-02 -5.787236420498488521e+00
-1.011303556038349316e-01 -5.891368328541431332e+00
-1.751466737370085958e-01 -5.985590743077414011e+00
-1.587606040040562549e-01 -6.128564160149436724e+00
-1.741980375848113660e-01 -6.261225179013256259e+00
-1.606171255140451948e-01 -6.404894689083414860e+00
-1.787725814657439849e-01 -6.543164799450443603e+00
-1.982685606547646140e-01 -6.683861240851287633e+00
-1.281699144278794500e-01 -6.825104840681547991e+00
-1.199201035847985430e-01 -6.966151352749922587e+00
-2.039096987618774781e-01 -7.125225166571615532e+00
-3.196362158329560943e-01 -7.301075519876900621e+00
-4.367632224873234104e-01 -7.486726774348374747e+00
-4.327757693399457706e-01 -7.617506245392726250e+00
-5.520919007585893823e-01 -7.820687827202812414e+00
-6.725066119245461937e-01 -8.031465610399912691e+00
-6.386049630392164334e-01 -8.120797308194205755e+00
-7.597197701948603665e-01 -8.342370340129370732e+00
-7.241384139482244242e-01 -8.408903924233257499e+00
-6.550535405525942378e-01 -8.427157249905427250e+00
-6.150321067688334642e-01 -8.464746943226082010e+00
-5.723114477542385892e-01 -8.486249848324261436e+00
-5.586247886732210732e-01 -8.532312833400990115e+00
-6.062778433106602582e-01 -8.649316569492757623e+00
-6.509976505462076179e-01 -8.752589581657870710e+00
-7.571357195947099328e-01 -8.932475674680725675e+00
-8.597212625501114980e-01 -9.096883701744166828e+00
-8.933439385581537495e-01 -9.149250686966890811e+00
-7.929491117102840381e-01 -8.994390962703567638e+00
-8.181407237691675771e-01 -9.008346820659193455e+00
-8.392273002144492455e-01 -9.003301805749584830e+00
-8.563912682069667603e-01 -8.979814795444641007e+00
-8.059627597875224092e-01 -8.854279726626883118e+00
-7.847859652374186146e-01 -8.757409019272776263e+00
-6.663138865314939263e-01 -8.534965712596580545e+00
-6.099880856349839675e-01 -8.381366348688302992e+00
-6.777748692711249578e-01 -8.352618120679879965e+00
-6.191479526301555403e-01 -8.189273342289023816e+00
-6.222125827205561288e-01 -8.077143674019346520e+00
-5.016537806662336729e-01 -7.863939427623515499e+00
-4.741045569384400027e-01 -7.718946334144401789e+00
-4.775806380927261063e-01 -7.589542709725146885e+00
-3.901939351047590820e-01 -7.414271410250841576e+00
-4.255876877302666728e-01 -7.288727439289619525e+00
-3.707920860808618935e-01 -7.134606068354000463e+00
-2.566403874994592771e-01 -6.975818039488586919e+00
-2.347712397867622869e-01 -6.832364923524867351e+00
-2.748473894784262406e-01 -6.687946582651749239e+00
-1.646741603032884083e-01 -6.562474845193671413e+00
-1.468038761681083604e-01 -6.426316801519297961e+00
-2.216108250848492223e-01 -6.262703781209453702e+00
-2.066170499647013714e-01 -6.132671112529654245e+00
-1.011647998729567344e-01 -6.052453417266885793e+00
3.532361103167624972e-03 -5.983626036296806561e+00
4.601293902905468497e-02 -5.885263230668948076e+00
2.575345582337039071e-02 -5.747684803579112156e+00
3.516660549897467070e-02 -5.637113308708330273e+00
4.354448975253404075e-02 -5.530930093422150584e+00
1.973865758602233109e-02 -5.399945363299726075e+00
-5.175592436391610041e-03 -5.271599917067070429e+00
-6.255903327976290729e-02 -5.113029229082314941e+00
-1.526404764307016937e-01 -4.920962724526208198e+00
-1.489929384289245262e-01 -4.837828430536001534e+00
-2.093991783555756159e-01 -4.684204165736971959e+00
-1.432634544146938749e-01 -4.689159171274406290e+00
-2.049347734995862202e-01 -4.540818484984788128e+00
-2.032654006427401239e-01 -4.478178544442940279e+00
-2.019025729707775718e-01 -4.420926573362312872e+00
-2.972820474190616125e-01 -4.239164284785132963e+00
-3.610179323199224077e-01 -4.104288409727900877e+00
-3.605786566318966990e-01 -4.062832902912653310e+00
-2.956211603813391764e-01 -4.117549783157675947e+00
-2.953136178283722879e-01 -4.087185868019091117e+00
-2.303129623886817079e-01 -4.155049041094184048e+00
-1.328652974403375375e-01 -4.276075943936427315e+00
-1.651158090662200872e-01 -4.216238769667729258e+00
-1.650286544213237505e-01 -4.209168453882116800e+00
-1.974582677142072418e-01 -4.160857968853088451e+00
-1.001932302917075135e-01 -4.306800569292093428e+00
-3.087431186222372448e-03 -4.458304521023906730e+00
6.136772207163683490e-02 -4.568426258480569047e+00
9.317295528744609645e-02 -4.637605010065496636e+00
1.893380932114792914e-01 -4.804243561807842511e+00
1.881513834154100173e-01 -4.839337024675809396e+00
2.510704170045910955e-01 -4.969767799211145309e+00
1.527243421390058198e-01 -4.886071461649445169e+00
8.651812602613240255e-02 -4.854304446076628032e+00
2.025296528155026698e-02 -4.830695882558234011e+00
4.953273535967103042e-02 -4.936824760169050030e+00
4.636469721274247280e-02 -5.007884840056201270e+00
1.376510358052830674e-01 -5.197937259407217958e+00
2.276419968727613208e-01 -5.388418177896167727e+00
2.533191795462356177e-01 -5.509580371009900723e+00
1.526448239130902551e-01 -5.502785626914766581e+00
1.766099199322977986e-01 -5.630718678078135753e+00
1.682916435869316607e-01 -5.732484758508793021e+00
9.699971755861662437e-02 -5.785433285498310596e+00
-5.788511558126846479e-03 -5.822964019010012038e+00
1.394386871712563827e-02 -5.960806052378260667e+00
6.291647329463502525e-02 -6.120042016218318004e+00
-1.202331933646182127e-02 -6.208874462948737794e+00
-1.184282127582687166e-01 -6.292043302397903659e+00
-2.257429366523742709e-01 -6.386827769583565129e+00
-3.340659204613459776e-01 -6.493156453525656957e+00
-3.525162639874330206e-01 -6.630200630758812608e+00
-4.632570210363182728e-01 -6.759374071857365607e+00
-4.843765977600447137e-01 -6.901450855015103691e+00
-4.158603375472141317e-01 -7.038045055181174625e+00
-5.305478760352172474e-01 -7.200474339833862203e+00
-6.466606715845940601e-01 -7.373477207573167824e+00
-5.812720384463814227e-01 -7.485081974919930659e+00
-6.997121319691803620e-01 -7.677625176799510953e+00
-6.966186643966338909e-01 -7.805583997913958072e+00
-8.170121793658691178e-01 -8.014633645190672340e+00
-8.763486845061977393e-01 -8.180982523944695828e+00
-8.110445163582590267e-01 -8.234657124413878648e+00
-8.380618583597433391e-01 -8.365829522242156813e+00
-8.324606349801420002e-01 -8.455898714928695270e+00
-8.566672034219450227e-01 -8.570598959291459096e+00
-8.788729491738195287e-01 -8.674601600779478616e+00
-9.306409508790222107e-01 -8.807333297832876440e+00
-1.011924103896633342e+00 -8.971074567536277300e+00
-1.057967666362520376e+00 -9.077659502820500492e+00
-1.165089674046213775e+00 -9.259946521122074614e+00
-1.106160586436256255e+00 -9.192406230173505222e+00
-1.042731547479275545e+00 -9.104691206329457387e+00
-1.007450200755204195e+00 -9.044928946733392650e+00
-9.033912686011409399e-01 -8.874146354518561708e+00
-8.605185253843767867e-01 -8.779854777938824739e+00
-8.786709029083911160e-01 -8.758969744404772939e+00
-7.973956587622575976e-01 -8.593545041834692810e+00
-7.777225375110488059e-01 -8.500068202276143126e+00
-6.924619486387975087e-01 -8.318150200984559817e+00
-6.061362548973282527e-01 -8.131471534983067073e+00
-5.192197430798036750e-01 -7.942018357030465658e+00
-4.944429662661196101e-01 -7.812620729031014122e+00
-4.691814702783717039e-01 -7.677750650611280037e+00
-3.820624623267696029e-01 -7.489095733051677861e+00
-3.570942038599967394e-01 -7.347103253502120346e+00
-3.631401186490301192e-01 -7.221780756195466111e+00
-3.390832380314584560e-01 -7.076236553914370120e+00
-2.549610116624820289e-01 -6.904433259262009237e+00
-2.631771077094841038e-01 -6.768239394275155973e+00
-3.330093954400724643e-01 -6.643476493304011576e+00
-3.128661403519613637e-01 -6.498928401721733472e+00
-3.848257232894615187e-01 -6.359262730130667229e+00
-3.671025143708844807e-01 -6.217843246995232498e+00
-4.416367793528164776e-01 -6.065332520360764867e+00
-4.264926557310688704e-01 -5.928181140218394596e+00
-4.125842405520548928e-01 -5.793511358057319427e+00
-3.694004651471218814e-01 -5.673643490048412730e+00
-3.578121766992646835e-01 -5.544555631364745274e+00
-3.473508802000669360e-01 -5.418514096562348392e+00
-4.301156985538269750e-01 -5.238237718449007652e+00
-3.911760782716536822e-01 -5.139849246355164603e+00
-3.220975409763414121e-01 -5.070420847293198641e+00
-4.085212153998543649e-01 -4.882001411468491092e+00
-3.408586165561590109e-01 -4.827560743694531809e+00
-4.295339743410683253e-01 -4.635653706246477768e+00
-3.943004547569105567e-01 -4.565160780470412405e+00
-2.967106463055093624e-01 -4.565037053234623166e+00
-2.620883073740478131e-01 -4.506397226972782555e+00
-1.962176646229885080e-01 -4.489022065200682476e+00
-1.938053204313134326e-01 -4.405821724516138183e+00
-1.918210338076888066e-01 -4.327287382619477540e+00
-1.902111494920329104e-01 -4.253510658917337928e+00
-2.527869187944924434e-01 -4.103986519063321126e+00
-3.159298960985191806e-01 -3.957087562340517728e+00
-2.512721245450376673e-01 -3.981816106342125572e+00
-3.472084034946160136e-01 -3.798161886913368424e+00
-3.792439353806292268e-01 -3.704457756726650342e+00
-2.825125297834165106e-01 -3.792570112645484492e+00
-2.178597983951606198e-01 -3.842701218409851460e+00
-2.177622764310613024e-01 -3.808108013473801456e+00
-2.500799126203969158e-01 -3.732730102321902166e+00
-2.177025555908907173e-01 -3.754860446809448860e+00
-1.204617265490952466e-01 -3.875942389839802438e+00
-1.204250555394560801e-01 -3.862549981569968427e+00
-1.528483833772163458e-01 -3.807564693947499190e+00
-5.551074753535611972e-02 -3.946409764318551172e+00
-5.552476824797160371e-02 -3.949476432636242151e+00
-8.799665110083398911e-02 -3.911102117652685450e+00
9.181931605936846652e-03 -4.065824482864947242e+00
7.378166247713274783e-02 -4.178750047127219425e+00
7.346704996514291652e-02 -4.204191813549350343e+00
1.053520948804682889e-01 -4.281101766634380468e+00
1.692613291957306143e-01 -4.408305722959831030e+00
2.327610319110692272e-01 -4.539792612482727918e+00
1.993655868759593164e-01 -4.544142266747610570e+00
1.658369527947859134e-01 -4.555144169711339508e+00
2.600671668628622424e-01 -4.740226863043897509e+00
1.620635081046267190e-01 -4.682715660471582275e+00
1.913803411408621646e-01 -4.792725759941716568e+00
1.566317481764347430e-01 -4.830087610477248994e+00
8.995825832092273211e-02 -4.837236779315826851e+00
1.176100211295260239e-01 -4.958645742260458178e+00
1.444063977217653894e-01 -5.083182607257811902e+00
2.015395625767256171e-01 -5.242685506715802468e+00
1.015928569883479266e-01 -5.251821940525593035e+00
1.877850462807107712e-01 -5.441302005527068886e+00
2.104737793605971352e-01 -5.576177296390769200e+00
2.319154803561803146e-01 -5.713017236012384537e+00
1.598299015059798656e-01 -5.786054873603957205e+00
1.482650835261165589e-01 -5.906783219694775156e+00
1.049276928722688018e-01 -6.014149481151218168e+00
1.824113048904699441e-01 -6.185635651129065771e+00
2.581495727940940066e-01 -6.352427150610722606e+00
2.107268534020122486e-01 -6.477536565278021463e+00
2.529949921116225187e-01 -6.627332886081988228e+00
3.240747583547384236e-01 -6.777371314240990152e+00
2.725219621525716285e-01 -6.919093714314534793e+00
2.499591425259042321e-01 -7.063249924970432581e+00
2.565067889042448868e-01 -7.203276049393650737e+00
1.707704463905415082e-01 -7.367825116045172429e+00
2.362036978584559632e-01 -7.479037740759726383e+00
1.483847540931998998e-01 -7.656624768055990238e+00
2.130460515222137308e-01 -7.747395325557862478e+00
2.164054765104636846e-01 -7.869733624822183415e+00
2.819563015823665642e-01 -7.936216811934308168e+00
2.863551138009770569e-01 -8.044585070226968782e+00
2.603372382480808600e-01 -8.175031963219018039e+00
1.722832791974411859e-01 -8.365599671918168667e+00
8.496708902033618671e-02 -8.553158655765958684e+00
3.076428499415190948e-02 -8.696789359511711837e+00
-2.131402832017231797e-02 -8.830510114805653288e+00
-1.350700796984059537e-01 -9.038185955340829025e+00
-1.492470499707673759e-01 -9.101380342388019073e+00
-9.478955309406666974e-02 -9.055342577400969262e+00
-1.656933953244305036e-01 -9.175815251683790308e+00
-2.648324418018515036e-01 -9.325017868560937728e+00
-2.945320770366759433e-01 -9.360187784738124961e+00
-3.842888644079358040e-01 -9.467903589181604573e+00
-3.077500768606699633e-01 -9.325730523346656753e+00
-3.560812348725990728e-01 -9.344881362041661532e+00
-4.320384226389826221e-01 -9.385688525078361266e+00
-3.446736773904830464e-01 -9.204606079951901165e+00
-3.816936000075629720e-01 -9.166162995813191827e+00
-3.215152864236369146e-01 -9.007179014551352836e+00
-2.913083987903832828e-01 -8.874596243677240537e+00
-3.220755663819617198e-01 -8.792452244279049367e+00
-1.972237041089274223e-01 -8.572767515435957719e+00
-1.960355723607569711e-01 -8.447644248746794204e+00
-7.248251824693123513e-02 -8.243758677865660189e+00
-1.330803932445145110e-01 -8.139276527773503744e+00
-1.331767103492096094e-01 -8.001724562269574292e+00
-4.319281126374897861e-02 -7.837932035683055076e+00
-1.525347545037099295e-02 -7.692026491333305849e+00
4.160048674340938862e-02 -7.547383578041439556e+00
-2.427452473018428675e-02 -7.400442141364316662e+00
-7.905001715150516972e-04 -7.263206575307457946e+00
-9.283740574102286938e-03 -7.121045694245244917e+00
-8.043656221857344024e-02 -6.956397909528468482e+00
2.976440463787957680e-02 -6.874663082769594702e+00
1.083258351386676560e-01 -6.788628810400798130e+00
2.165844551892157632e-01 -6.733354668484628824e+00
2.931715849214762137e-01 -6.668335002215505014e+00
3.378016690568564906e-01 -6.588232689435333356e+00
3.813247983618022752e-01 -6.516156670094042092e+00
3.299063649915767726e-01 -6.360490820796126599e+00
3.396152586108392990e-01 -6.271482177021232118e+00
3.481999288025417472e-01 -6.188435813727440227e+00
2.606449655219424955e-01 -6.001166512906288553e+00
3.305184222725827681e-01 -6.007129908560153275e+00
3.361163825893098700e-01 -5.942774320593000148e+00
3.409044646870644790e-01 -5.885046874224616253e+00
4.413559801825371331e-01 -5.962736406235559450e+00
5.416161105974188761e-01 -6.051262051806537201e+00
4.801274472304490337e-01 -5.925335366862180209e+00
4.824245635624633266e-01 -5.896499697099469195e+00
4.192961731925632374e-01 -5.782246548194630797e+00
5.176092349435108542e-01 -5.908498620634043519e+00
5.830073579462194955e-01 -5.996069265845159535e+00
5.829121988599889059e-01 -5.997170003044593578e+00
6.794459283541230965e-01 -6.146835590656992032e+00
5.807866453028845966e-01 -6.023224478529026094e+00
6.433909914336430891e-01 -6.139476699543194194e+00
7.372773902079243769e-01 -6.307038404596255532e+00
7.333098627123483260e-01 -6.345680750746073073e+00
7.284416293694668809e-01 -6.391734134588363148e+00
6.586700263071835204e-01 -6.361108015199062216e+00
7.476358939825357153e-01 -6.543171736616234746e+00
7.395700743067666894e-01 -6.610355825664507634e+00
8.250552468999139410e-01 -6.794914039741406953e+00
8.769258157980212021e-01 -6.944636951422859639e+00
8.016370038178675106e-01 -6.966163725332668477e+00
7.877325334199344331e-01 -7.059268210476129290e+00
7.102908386686657138e-01 -7.103605306786071161e+00
7.552286973522370772e-01 -7.258428334720504971e+00
7.057764206282204356e-01 -7.347428610749601852e+00
5.936299456656353168e-01 -7.407229867807456181e+00
5.109053680626812755e-01 -7.497498583214463608e+00
5.180742534277561484e-01 -7.637006147754256347e+00
5.840611684971973583e-01 -7.796513723395051443e+00
6.479916455318103230e-01 -7.950184621325199430e+00
5.888589470303502438e-01 -8.087644921942739984e+00
6.493703060510682690e-01 -8.227840050310543774e+00
5.568357685415452618e-01 -8.383891130637399769e+00
4.628174317964607321e-01 -8.549708634480658986e+00
3.369360488719390645e-01 -8.736699426158798687e+00
3.015127677806141993e-01 -8.888117591124849781e+00
3.272124539603492033e-01 -8.999847518527035461e+00
2.916938655106089406e-01 -9.148433653463431625e+00
1.633441269964312492e-01 -9.373622073071958383e+00
6.626046592653550560e-02 -9.573730880299581969e+00
1.277372533366782636e-01 -9.604973858609286097e+00
1.928117237835019759e-01 -9.616080370257273913e+00
1.343697121461918664e-01 -9.763187314372096637e+00
7.920944767626882099e-02 -9.897867641198205391e+00
6.027669306904379076e-02 -9.973494618177380033e+00
1.386178325523174104e-02 -1.007499545278779607e+01
6.985988556441416475e-02 -1.001705628362315714e+01
1.315415919276357315e-01 -9.935835780081591295e+00
1.662637369058938552e-01 -9.879505094683713295e+00
1.414924712260551831e-01 -9.895130308632444027e+00
1.865381114861386636e-01 -9.797809295262622342e+00
1.396853198951487629e-01 -9.814807312013591911e+00
1.297053205600259274e-01 -9.767832378099644330e+00
9.208503684161886693e-02 -9.742442245657647604e+00
8.999876893201497197e-02 -9.660890787976722294e+00
1.849253189808721665e-01 -9.463248977581304899e+00
1.562409037292162295e-01 -9.387261142397818503e+00
1.605308069644114377e-01 -9.270502047667013912e+00
1.042565830930484161e-01 -9.193529085400337308e+00
7.975895437530999832e-02 -9.082661338493366543e+00
1.165543034150555712e-01 -8.930556137945069750e+00
1.526602350752680470e-01 -8.779059170129619005e+00
1.574017421479158574e-01 -8.638124258046369519e+00
1.003543818132086457e-01 -8.506197878848560379e+00
1.328647638596020530e-01 -8.362346252239628797e+00
1.940482874024430648e-01 -8.224766914278625052e+00
2.231791745703888274e-01 -8.089290495155845306e+00
3.417670801949919124e-01 -7.987037507461900887e+00
3.063670030863180904e-01 -7.835766776886768703e+00
4.218213197423341110e-01 -7.764450425552060331e+00
4.130911250197706885e-01 -7.630735629544708409e+00
4.949126812328420999e-01 -7.567563415103310653e+00
4.203169559832015678e-01 -7.388773878756139446e+00
4.990222752333222656e-01 -7.349465798788409998e+00
4.512962848718166109e-01 -7.198025662449285100e+00
5.273408103167999128e-01 -7.182160968089172037e+00
6.024536659069205102e-01 -7.178167956263052041e+00
6.448648269317529547e-01 -7.147952356647023997e+00
6.861055897842478490e-01 -7.127223632573503664e+00
7.262029758238071064e-01 -7.115967662049037301e+00
6.364970228743738190e-01 -6.941288807556198925e+00
6.094714364307864951e-01 -6.859126847879532640e+00
7.104729627249906088e-01 -6.965669474011980888e+00
6.811011379841416247e-01 -6.897869429717357725e+00
6.180728594176305712e-01 -6.790783645141476477e+00
6.512177299409696030e-01 -6.832394856997114019e+00
5.859808348134497580e-01 -6.740911745889138551e+00
5.846045848357999120e-01 -6.751758721013675135e+00
6.792670745931770337e-01 -6.909926663155035342e+00
7.078402023960781442e-01 -6.982409652420402679e+00
6.384292062263540180e-01 -6.927644245749385199e+00
6.002893472736472447e-01 -6.926898576071864433e+00
6.890453032592708249e-01 -7.103854797766888218e+00
6.482798999657756189e-01 -7.121161128641893434e+00
7.331644209331189543e-01 -7.302225014518088919e+00
7.524925349293465349e-01 -7.410846707536773437e+00
7.384598064565206510e-01 -7.490028331258636207e+00
6.602445333312183529e-01 -7.512997693335540461e+00
6.119624041456576125e-01 -7.577354076521611859e+00
6.858349572691723184e-01 -7.755636249916171288e+00
6.030471611547338906e-01 -7.815521592020100883e+00
6.414450347691336152e-01 -7.967871102356536284e+00
6.468509795305642518e-01 -8.102861074904739169e+00
6.500623142471921856e-01 -8.240193682397103814e+00
7.118626728174707319e-01 -8.398884079257681989e+00
7.713829880773418468e-01 -8.551838482684045672e+00
7.985733531016740994e-01 -8.696149878621451279e+00
7.028067817931766825e-01 -8.843390801589045225e+00
6.964730572312304302e-01 -8.985885924723669760e+00
6.889867489200212081e-01 -9.127399759310479865e+00
5.585777934014155566e-01 -9.320089517845365990e+00
5.802303303147744451e-01 -9.439215981172344172e+00
6.023676225860197242e-01 -9.549541079076037775e+00
5.325500726334949642e-01 -9.724268514187846435e+00
5.882750774310139263e-01 -9.783377754762117462e+00
5.526059377976174636e-01 -9.920850803087937209e+00
5.193343935243228682e-01 -1.004864246205482203e+01
5.210709866316818317e-01 -1.012555991972527814e+01
4.950377089555670906e-01 -1.022558946119807821e+01
4.735953349148787073e-01 -1.030787922423998992e+01
4.896988774115608178e-01 -1.032500720723782450e+01
5.764774687015501442e-01 -1.022633303613033107e+01
5.071899607953902489e-01 -1.033745436949074481e+01
4.115029805808945174e-01 -1.047242810093316301e+01
4.841093530748943330e-01 -1.034924253951830231e+01
5.622209560618260937e-01 -1.020579237873891820e+01
5.487664533093364883e-01 -1.017709869708332349e+01
5.084674641212582058e-01 -1.016951563100050571e+01
5.683549197253121577e-01 -1.002167950627492310e+01
6.943430043786806838e-01 -9.789909266141735955e+00
7.590201950643505890e-01 -9.624586770081874576e+00
7.317705068436282101e-01 -9.545552728454859803e+00
6.756152262725718671e-01 -9.480035746598289847e+00
8.057982165268323671e-01 -9.260183539461738889e+00
9.351204647845140494e-01 -9.049919603457677653e+00
1.063263091630397783e+00 -8.850743035423009886e+00
1.037994618904831245e+00 -8.723523498101839024e+00
1.163665387985731714e+00 -8.549665362409042402e+00
1.227118877178099421e+00 -8.398624736266453894e+00
1.319327685811032325e+00 -8.253879119026139577e+00
1.349280708736259493e+00 -8.114556363200231104e+00
1.347122949160587169e+00 -7.973155092612202566e+00
1.312609262251366760e+00 -7.823071388673332294e+00
1.275951697086671111e+00 -7.671192045631275214e+00
1.328985423828483281e+00 -7.567602219190150414e+00
1.380443169228414702e+00 -7.472711960626437389e+00
1.461271666040927508e+00 -7.409416259927308346e+00
1.540910271268859821e+00 -7.358148494148465169e+00
1.525867666446298676e+00 -7.233572131249033532e+00
1.508892188707554594e+00 -7.112645372989396364e+00
1.616036577671599694e+00 -7.129825336358376120e+00
1.596006706672176145e+00 -7.017916948716635517e+00
1.574263736081491727e+00 -6.910751505647551696e+00
1.550920642659862958e+00 -6.808686129914386598e+00
1.526093159962732315e+00 -6.712080663096097410e+00
1.467749598470054373e+00 -6.578327699454914246e+00
1.569175939135969422e+00 -6.670368625312871558e+00
1.540791071661512079e+00 -6.592664119526213895e+00
1.446533621695138772e+00 -6.429755013080307613e+00
1.480776584247140981e+00 -6.459201557840049901e+00
1.416888827130955431e+00 -6.356001489416736483e+00
1.449468623807545598e+00 -6.401707570189598684e+00
1.513629181354055220e+00 -6.502276657143409189e+00
1.609186177616638957e+00 -6.656844412787259024e+00
1.671141758732250793e+00 -6.771417712490384488e+00
1.570447733738923990e+00 -6.665296570686521704e+00
1.630067743569253214e+00 -6.792168378821622277e+00
1.559888053443306166e+00 -6.751468382319119499e+00
1.489005938323088474e+00 -6.721439530450467714e+00
1.385625112577400175e+00 -6.662169749968311905e+00
1.313535092676940907e+00 -6.654060589443271390e+00
1.398492080573461305e+00 -6.838676700299969546e+00
1.418436425429312697e+00 -6.954652830437801470e+00
1.499122455420476285e+00 -7.138370144487235613e+00
1.515144677464205447e+00 -7.261811769454400434e+00
1.560157829254999573e+00 -7.415307419865388994e+00
1.448816686561348988e+00 -7.450068251019422050e+00
1.489904369259912320e+00 -7.603914066680435901e+00
1.559244011709528310e+00 -7.774692139683668124e+00
1.443276176982480896e+00 -7.854504829817001266e+00
1.508311421939236396e+00 -8.016085476448459701e+00
1.540770598691683091e+00 -8.164535668704932192e+00
1.571266404650237591e+00 -8.310442721627875784e+00
1.448491080930847996e+00 -8.451405565620676796e+00
1.445384855088318155e+00 -8.593787797531826200e+00
1.501738949718409266e+00 -8.721161814570818294e+00
1.374569167606711106e+00 -8.904777994550896025e+00
1.245957461882402972e+00 -9.101144965707062440e+00
1.208278745699554513e+00 -9.253422888451213524e+00
1.201472589229041432e+00 -9.381812096798388012e+00
1.164441695748802630e+00 -9.529126705762822169e+00
1.191054132254601550e+00 -9.611817805106728230e+00
1.251667167940182512e+00 -9.646747630544146190e+00
1.125699259631816052e+00 -9.878534928892188205e+00
1.065408330927553937e+00 -1.002894237489118368e+01
9.765487926232777616e-01 -1.020830305997735543e+01
8.594647600965164003e-01 -1.041796467591920816e+01
8.117158102466561775e-01 -1.052176754736574082e+01
7.049813425942463851e-01 -1.069700760503104675e+01
7.343024188332448743e-01 -1.066158140367454976e+01
7.054132722158112934e-01 -1.069535489488168700e+01
7.802096759397968428e-01 -1.056503004603441731e+01
8.929039668608701463e-01 -1.036945217551890153e+01
1.010132670384433329e+00 -1.015908495369287579e+01
1.130915807816537333e+00 -9.938042672142641365e+00
1.254302382809920235e+00 -9.710286941085696455e+00
1.284988070798398718e+00 -9.586842433852046597e+00
1.255374427159481998e+00 -9.518966413830950657e+00
1.197120143908527279e+00 -9.465868923130893009e+00
1.171949299413136858e+00 -9.370507582507171307e+00
1.209406595963333553e+00 -9.219881586036187571e+00
1.155093573760813452e+00 -9.123027437101745463e+00
1.101081341332935226e+00 -9.014504070835682725e+00
1.046824826104113315e+00 -8.895601820959063488e+00
1.173771609474878908e+00 -8.725946117066023078e+00
1.268770171363999166e+00 -8.574119331472749295e+00
1.210603654452947486e+00 -8.430383549417998168e+00
1.332606685696646087e+00 -8.306235254709390503e+00
1.331452236716600845e+00 -8.165829673669334099e+00
1.389212329162413662e+00 -8.050218086128998252e+00
1.425079933354155504e+00 -7.929324080172639455e+00
1.097669804037770369e+00 -7.604439501670809953e+00
8.328930254373015929e-01 -7.295490210085478822e+00
6.163240924183420733e-01 -7.005597016994348891e+00
4.346230103177347037e-01 -6.733615428425768101e+00
2.911990168883428765e-01 -6.489969147535942895e+00
1.681708447095118242e-01 -6.263316250898708581e+00
7.418838806979854983e-02 -6.066670719746207752e+00
-4.425412170485337748e-03 -5.888712908282510483e+00
-6.424540816454574199e-02 -5.735737530991499078e+00
-1.042924551723829890e-01 -5.611198768874140264e+00
-1.383849772937327804e-01 -5.499504652551237882e+00
-1.630686838076523260e-01 -5.405875661216367867e+00
-2.566413572366094131e-01 -5.225951435301552372e+00
-3.511395347828719093e-01 -5.049181504565374290e+00
-3.818290302884900789e-01 -4.965988936907718809e+00
-3.326575058244904959e-01 -5.001779682249878789e+00
-4.288178757393286133e-01 -4.837914921007161695e+00
-4.606066844205783939e-01 -4.772339510491740100e+00
-4.926573191164652643e-01 -4.712884190396207096e+00
-4.275941473432580131e-01 -4.800909267569485550e+00
-5.249347336556297039e-01 -4.659950909112143158e+00
-5.251142123073729850e-01 -4.666771402363520949e+00
-4.282354006226334331e-01 -4.820558663291304669e+00
-4.936407533283132532e-01 -4.747067632129775561e+00
-4.297637649588309516e-01 -4.865347513224242526e+00
-4.632048390104712143e-01 -4.852138339383803789e+00
-4.001395567567821443e-01 -4.980579453760843656e+00
-3.698445648673400199e-01 -5.069469025304177201e+00
-4.363340000125921492e-01 -5.034261962261007639e+00
-3.749652555206424154e-01 -5.175606881604084109e+00
-4.101494267201020172e-01 -5.197844775545550355e+00
-4.456909080083543140e-01 -5.227387978434580695e+00
-4.816295241713975939e-01 -5.264180190571076778e+00
-3.917277519070961889e-01 -5.454306223575121848e+00
-3.347384580570663681e-01 -5.609582256345169604e+00
-2.477657996610328484e-01 -5.799280103539789621e+00
-1.625136886747599319e-01 -5.987895504474576747e+00
-1.101829854488297067e-01 -6.146041894994470844e+00
-2.858663378628904794e-02 -6.330996118414428331e+00
2.015039495022265953e-02 -6.489159836151304539e+00
-8.654880834361339259e-02 -6.539105825356453572e+00
-7.155067006729617929e-02 -6.677349496035482446e+00
-1.803064051370175391e-01 -6.752727904312109786e+00
-2.291573413220096000e-01 -6.867415811148417149e+00
-3.097624485438625341e-01 -6.978646634300934792e+00
-3.613358016796389682e-01 -7.106814534509271475e+00
-3.537315606469046969e-01 -7.249684813237545100e+00
-3.779358960768912090e-01 -7.391338050371878410e+00
-3.126078023934725780e-01 -7.528686925614928249e+00
-2.484372608116360293e-01 -7.658176097330348320e+00
-3.068145456018415151e-01 -7.814840430725305431e+00
-2.443562242050444921e-01 -7.926441090142815504e+00
-2.739483441651189843e-01 -8.074883766865031731e+00
-3.962960300067733255e-01 -8.279640144487817821e+00
-3.652711418812354394e-01 -8.380349966615922241e+00
-4.266382459522788384e-01 -8.548155972952654835e+00
-4.565579017880038171e-01 -8.685425123874045639e+00
-3.911977043992590497e-01 -8.719805138852276372e+00
-4.180595885554169167e-01 -8.841610897448493489e+00
-4.747204430549156196e-01 -8.990920560559194641e+00
-4.972291920335307203e-01 -9.090511339876961472e+00
-5.809034257441341165e-01 -9.260568151256228120e+00
-5.647603377881355025e-01 -9.286096632788936489e+00
-5.120141763711302252e-01 -9.246841415398247221e+00
-5.519436710835589066e-01 -9.326173331754498363e+00
-5.225727371076795968e-01 -9.292498012837484112e+00
-5.535065581686757774e-01 -9.333032107626927143e+00
-4.503167405346124585e-01 -9.166793091564530371e+00
-4.724931971460871738e-01 -9.167788216817818636e+00
-3.939707184159202402e-01 -9.016071639510791158e+00
-4.085426822000653990e-01 -8.980471858406232855e+00
-4.196872314364615830e-01 -8.928107484961051554e+00
-4.595005809391481955e-01 -8.898947953446725734e+00
-5.278573395820804759e-01 -8.889085829376384140e+00
-5.307041206581752935e-01 -8.794570881209153868e+00
-5.630373047797464503e-01 -8.719555055684521605e+00
-5.938589253505001109e-01 -8.632199534309913602e+00
-4.697206378760544476e-01 -8.416125048672300935e+00
-4.078475925495522736e-01 -8.248413123953945103e+00
-2.855885491925038711e-01 -8.049310434965375904e+00
-1.951173779911601347e-01 -7.873720570832064780e+00
-2.274078222088270484e-01 -7.745640918886809168e+00
-2.909311535367873347e-01 -7.618761156094284281e+00
-1.737215552191433698e-01 -7.463838285663830341e+00
-8.827523094353917354e-02 -7.321246247291999687e+00
-6.489869759590011222e-02 -7.181595999469786662e+00
-7.339440143687314677e-02 -7.038827241023575709e+00
-1.443577403726399866e-01 -6.877687994120553761e+00
-1.257431297531405034e-01 -6.748444256886732440e+00
-7.803591209753782398e-02 -6.638448744055211570e+00
-3.160017209579084330e-02 -6.535511361892319293e+00
-7.875005743549555459e-02 -6.377527275371668303e+00
-9.678400242860885072e-02 -6.242175850113873103e+00
-5.426186306669281145e-02 -6.160602053242840270e+00
1.845881280393603385e-02 -6.114572462064725045e+00
-3.460124077092312234e-02 -5.957063933394185717e+00
5.013512751659482403e-03 -5.897799964894926639e+00
-1.917677070999748712e-02 -5.777367736564021250e+00
1.880756139940957528e-02 -5.733156787970087542e+00
-7.089867512344474876e-02 -5.544927481103877120e+00
-9.823109000156719783e-02 -5.436584499277033800e+00
-1.903727155255814929e-01 -5.251081567941328743e+00
-1.874031242592063551e-01 -5.193858361672202051e+00
-2.813727014866360676e-01 -5.013335162025335912e+00
-3.439627770680851460e-01 -4.879976183378137655e+00
-2.457145257616923928e-01 -4.975565263731930976e+00
-2.767968011412399454e-01 -4.897495214207554959e+00
-3.082519444178750678e-01 -4.825226969221778184e+00
-2.751990350401691265e-01 -4.852080670857565003e+00
-2.098948459691637458e-01 -4.932709021495892188e+00
-1.123305093485027356e-01 -5.067493897767215039e+00
-1.447899654734271790e-01 -5.020777884013190473e+00
-2.099362146001988449e-01 -4.933863335443995801e+00
-3.076692898648961116e-01 -4.807229537794050600e+00
-2.759583096533523294e-01 -4.874160584305639254e+00
-2.769115623200439358e-01 -4.901030409056923887e+00
-3.749839814019798601e-01 -4.797968624579949548e+00
-3.763372131785752694e-01 -4.837707838290287832e+00
-3.780032670712826226e-01 -4.883590620578085684e+00
-3.479543140879964302e-01 -4.978549811972988515e+00
-3.504691271669370112e-01 -5.036380312813758309e+00
-3.534522254349561909e-01 -5.100096784631858782e+00
-2.615988134936203524e-01 -5.288030661040941993e+00
-3.293983505107340726e-01 -5.286792304912664164e+00
-3.658608955517837491e-01 -5.330934804127147153e+00
-4.657328515633751276e-01 -5.312536314011384597e+00
-4.403293611738200442e-01 -5.437202294319642526e+00
-5.408971043938920475e-01 -5.439943098988237580e+00
-4.861265084349974952e-01 -5.600001234245535642e+00
-5.877683214606322926e-01 -5.624265429265380867e+00
-5.044681175489422742e-01 -5.810012066372324036e+00
-5.460527606679188573e-01 -5.901825580895049050e+00
-6.499702852003712561e-01 -5.959360261833681172e+00
-7.545429160403417379e-01 -6.028286611092777747e+00
-7.073339051881291084e-01 -6.185714414144790396e+00
-8.139239859072462391e-01 -6.277224211814451671e+00
-8.607167674118489931e-01 -6.400338243590300458e+00
-8.480982407466698403e-01 -6.543869824056339546e+00
-9.278468356800402272e-01 -6.673846339393940674e+00
-9.785786857573072206e-01 -6.813652981265972741e+00
-1.060941863863425816e+00 -6.960011962025141941e+00
-1.144646422893703219e+00 -7.114200155176674478e+00
-1.138527404976395818e+00 -7.252971917853701989e+00
-1.194265621471746419e+00 -7.410875146604115393e+00
-1.128885218683458369e+00 -7.516157324337288337e+00
-1.063624011400324365e+00 -7.611070509337465317e+00
-1.090500197499664869e+00 -7.755691701623615764e+00
-1.179462540857240782e+00 -7.944636955145013779e+00
-1.300026994870518982e+00 -8.162820765393279387e+00
-1.327314428409726910e+00 -8.296632024465589339e+00
-1.290821355935998005e+00 -8.358768122229705000e+00
-1.378789196305798548e+00 -8.548042628667028353e+00
-1.465660581372475679e+00 -8.732935342612385909e+00
-1.391049775707535519e+00 -8.709880869426850580e+00
-1.505463581978069953e+00 -8.920468157148658150e+00
-1.520716508490614904e+00 -8.989425095623417405e+00
-1.499969758344700255e+00 -8.996172404317224647e+00
-1.572371973727768601e+00 -9.123217099341008662e+00
-1.673173593400184567e+00 -9.279619312625991157e+00
-1.769525448731466888e+00 -9.416726000414044506e+00
-1.861028111056261425e+00 -9.532591971361949135e+00
-1.915125633151002704e+00 -9.579921140137916069e+00
-1.803429805494195293e+00 -9.382543269203237557e+00
-1.880746417073863697e+00 -9.430767937315495786e+00
-1.953504338986915778e+00 -9.456490108218076784e+00
-1.863750022092034442e+00 -9.269110732836564281e+00
-1.803763882631925997e+00 -9.111850927557783919e+00
-1.742322788540622502e+00 -8.948623520513363516e+00
-1.773245335857085658e+00 -8.869928931727752541e+00
-1.709951191750348043e+00 -8.700613442349876436e+00
-1.585196155893999759e+00 -8.485715221834057687e+00
-1.461454889937472190e+00 -8.279279924063061458e+00
-1.491477586147063716e+00 -8.161965683576129393e+00
-1.521879209691833434e+00 -8.037707488882810836e+00
-1.492286406773477125e+00 -7.889477915171881683e+00
-1.494214498902119770e+00 -7.748499133322734878e+00
-1.406543383673999781e+00 -7.599993117257854536e+00
-1.441574474733889222e+00 -7.456190901632608004e+00
-1.356860489401720216e+00 -7.326961602074640645e+00
-1.395110006933941271e+00 -7.176991716464739213e+00
-1.313356362404372479e+00 -7.067853022990743028e+00
-1.202341958116961651e+00 -6.982850488166763014e+00
-1.153630038867758945e+00 -6.877656364840230907e+00
-1.106249700888347620e+00 -6.780059649334452487e+00
-1.091005994467532991e+00 -6.667770885074658871e+00
-1.139194457614197020e+00 -6.510456818965536741e+00
-1.189246014403378515e+00 -6.353205480152968043e+00
-1.116028890470061263e+00 -6.316093605178830117e+00
-1.169057751967469638e+00 -6.160749538036108142e+00
-1.129127419411986466e+00 -6.109427316349308690e+00
-1.216582778252078612e+00 -5.921536669889658100e+00
-1.305684385461519881e+00 -5.733998339162719837e+00
-1.396266029370431205e+00 -5.547415007691783195e+00
-1.488159933197626961e+00 -5.362369675683861914e+00
-1.484967730560673438e+00 -5.305880750953041236e+00
-1.482289284407966923e+00 -5.255722096813444821e+00
-1.576775498273937037e+00 -5.079323895965275781e+00
-1.607447705203313371e+00 -4.996687376675231995e+00
-1.573864558997190244e+00 -5.011169175023186817e+00
-1.670045884049573104e+00 -4.847808721816340594e+00
-1.734262782512496992e+00 -4.736200359263268211e+00
-1.636599942283442299e+00 -4.865062220833486606e+00
-1.603969724865116353e+00 -4.906876889628531302e+00
-1.636452455495349456e+00 -4.861133776216538749e+00
-1.604285781837661906e+00 -4.916142279673004545e+00
-1.539997177849195875e+00 -5.024328325093553538e+00
-1.508484881985071580e+00 -5.091969877463125904e+00
-1.477379044395453978e+00 -5.165740666595370456e+00
-1.543532560738803516e+00 -5.109616738363892630e+00
-1.577612940407973285e+00 -5.106208748296292121e+00
-1.644069005336185052e+00 -5.066532057126710953e+00
-1.678590914372087406e+00 -5.077868864505457935e+00
-1.617565885507233014e+00 -5.220927978363405941e+00
-1.652997240900023090e+00 -5.246542046793696734e+00
-1.688814190459801745e+00 -5.279479432480569834e+00
-1.661803448456591559e+00 -5.394363577861672532e+00
-1.635744143403854212e+00 -5.513013971284267178e+00
-1.704908944274016180e+00 -5.533313088166018190e+00
-1.649363612068782903e+00 -5.691138325922675989e+00
-1.626412367462571895e+00 -5.819702125815552129e+00
-1.697843413085138087e+00 -5.867037027340475497e+00
-1.646239630058770276e+00 -6.026731936101223930e+00
-1.565483464818425041e+00 -6.209500929272543601e+00
-1.517365841173082597e+00 -6.368102769383681583e+00
-1.471018015206384977e+00 -6.525649623514572895e+00
-1.426466188317882855e+00 -6.681771032312221692e+00
-1.353282208558201472e+00 -6.848834209011584129e+00
-1.403497650244834416e+00 -6.971532354642281604e+00
-1.515777772796352396e+00 -7.087226721482524638e+00
-1.477831491486732096e+00 -7.233789388506579598e+00
-1.562602053794370338e+00 -7.374870369783145030e+00
-1.557840023438871846e+00 -7.516618685826123247e+00
-1.675758251157455359e+00 -7.681249203913760759e+00
-1.673459297873049589e+00 -7.819725874387276399e+00
-1.702511575301048241e+00 -7.968291432198284951e+00
-1.701710047979194451e+00 -8.100548445744026438e+00
-1.762682706028388724e+00 -8.267384732101113798e+00
-1.855028659447830020e+00 -8.458340717632246708e+00
-1.885653684743983538e+00 -8.600066990153715452e+00
-1.853123036271223434e+00 -8.677717426210158180e+00
-1.787329633504636028e+00 -8.709528801748970039e+00
-1.718895576398029590e+00 -8.723604943012416513e+00
-1.711027631972015239e+00 -8.794960383101994239e+00
-1.764338016850610424e+00 -8.932461816517365705e+00
-1.879273639113894223e+00 -9.143242716483786836e+00
-1.894735225461361416e+00 -9.211166090202430823e+00
-1.809182438961508543e+00 -9.124758753503556363e+00
-1.848720414704605908e+00 -9.202913662376108306e+00
-1.883989883055753989e+00 -9.262408826237740200e+00
-1.882345424821437518e+00 -9.255228466456427938e+00
-1.811502012045588916e+00 -9.135282250959797068e+00
-1.865923336387381060e+00 -9.181680834908711120e+00
-1.787268993944064022e+00 -9.029560979048424585e+00
-1.865736736633644810e+00 -9.079077433777344552e+00
-1.876349274115467036e+00 -9.025591367023162448e+00
-1.883871432539979240e+00 -8.956593636651859924e+00
-1.888781542228517241e+00 -8.873712036957307703e+00
-1.766396527649197301e+00 -8.646751204595885199e+00
-1.830655862050899252e+00 -8.602063371196479125e+00
-1.800295280954281818e+00 -8.461454042297226863e+00
-1.769646157007535470e+00 -8.316928644697126671e+00
-1.800398618978115373e+00 -8.210312488003390641e+00
-1.800536437911896659e+00 -8.078603341264422255e+00
-1.801177964997706216e+00 -7.943162249870074909e+00
-1.681124793297585684e+00 -7.764793385573415030e+00
-1.592885614650655146e+00 -7.604600811726999865e+00
-1.627277496967495463e+00 -7.466312093558562069e+00
-1.511506265906182866e+00 -7.323683160214689458e+00
-1.427461876340594849e+00 -7.190400436940080908e+00
-1.435896318904772206e+00 -7.047645679543972363e+00
-1.385113260836737803e+00 -6.924154700624005621e+00
-1.274730446628668856e+00 -6.832300214923467507e+00
-1.318304763473878038e+00 -6.676740182223308118e+00
-1.302356233052494039e+00 -6.556013116950230035e+00
-1.195438440439108074e+00 -6.502292949507766373e+00
-1.089215918848114084e+00 -6.461401365426175936e+00
-1.045689168147689641e+00 -6.381401392504729486e+00
-1.003190624619645810e+00 -6.309159145473955732e+00
-9.303410170185797412e-01 -6.275495179620817154e+00
-1.015330511810652370e+00 -6.087749986193967899e+00
-1.070580593280983317e+00 -5.934244460130914334e+00
-1.095582971206986223e+00 -5.819411136125962614e+00
-1.185295322986571920e+00 -5.631941562329960682e+00
-1.180665136214810396e+00 -5.565443631300726501e+00
-1.272755818658728222e+00 -5.381235232747663133e+00
-1.205443724156873619e+00 -5.411967220367722042e+00
-1.202702905162675862e+00 -5.364349568862299300e+00
-1.232709567367138215e+00 -5.278775012409634648e+00
-1.295594676452264338e+00 -5.153629403988426283e+00
-1.197220033928392047e+00 -5.263599324473712038e+00
-1.260990353334993985e+00 -5.149709770134610842e+00
-1.163060714779579730e+00 -5.276026926592538580e+00
-1.130258212227834624e+00 -5.315963999646673876e+00
-1.227578388772419204e+00 -5.174520732315782467e+00
-1.325179466680347362e+00 -5.040223080186362559e+00
-1.325730928678108267e+00 -5.053882975793213106e+00
-1.294203571924416929e+00 -5.120750112930387843e+00
-1.360067697816156551e+00 -5.055823481362300420e+00
-1.264704165448693240e+00 -5.225695012553949859e+00
-1.170126512864098522e+00 -5.399629214704323665e+00
-1.204975286370514320e+00 -5.402476363608869292e+00
-1.240183476476915736e+00 -5.413005247288363186e+00
-1.148043491167827002e+00 -5.596738214348613738e+00
-1.120849611293649684e+00 -5.702262144927879639e+00
-1.189761730488148483e+00 -5.696848425258002280e+00
-1.101063516446218360e+00 -5.885197503362087801e+00
-1.171331307023762092e+00 -5.898425138559520775e+00
-1.179391456730422671e+00 -5.987669869102589359e+00
-1.094881180875883153e+00 -6.175536538557376609e+00
-1.074458491783937042e+00 -6.304098838147439210e+00
-1.148384655741311544e+00 -6.355972522259123458e+00
-1.068978016593834068e+00 -6.538068927574474998e+00
-1.022388227664945415e+00 -6.695527189166152304e+00
-1.069529853266235619e+00 -6.795999553416294248e+00
-1.179012446631445554e+00 -6.872112498730466257e+00
-1.137338439134471191e+00 -7.026057367529163322e+00
