9.677608420728273098e-01
9.673131384348343520e-01
9.665531854600398765e-01
9.654760804174753464e-01
9.640749178923559981e-01
9.623408169336566953e-01
8.630605048499413456e-01
9.553390478741619063e-01
9.522230608202820745e-01
9.487105460755981268e-01
9.447821346382828667e-01
9.404170629641325219e-01
9.646847525672630486e-01
9.365002622186598957e-01
9.311623173882810356e-01
9.253085682301498416e-01
9.189153091574517873e-01
9.119586656638165589e-01
9.044149757248436394e-01
8.962612203699601432e-01
8.874755039698811743e-01
8.780375830859227237e-01
8.679294405714533811e-01
8.571358989764334968e-01
8.456452641817738813e-01
8.334499866152514924e-01
8.205473234566205143e-01
8.069399810676930462e-01
7.926367126955642384e-01
7.776528425842321735e-01
7.620106843622846959e-01
7.457398193959468014e-01
7.288772002051989718e-01
7.114670455530530679e-01
6.935604979197979025e-01
6.752150211516250167e-01
6.564935263339494176e-01
6.374632273273949101e-01
6.181942435199941910e-01
5.987579853962212706e-01
5.792253772929606415e-01
5.596649896254274337e-01
5.475829146582230633e-01
5.279015918286782405e-01
5.083660112386159113e-01
4.890222329823811775e-01
4.699066231032253405e-01
4.510452347747179735e-01
4.324536719718833355e-01
4.267744907713864055e-01
3.983121547284946828e-01
3.804505817199556605e-01
3.628472350920939338e-01
3.454800411207858413e-01
3.283243347544732571e-01
3.113550767821922083e-01
2.945490413137810126e-01
2.778868716013504492e-01
2.613549182156640338e-01
2.449467934009064707e-01
2.286645966253050555e-01
2.125197866887366671e-01
1.965336934724513374e-01
1.807376763673591291e-01
1.651729461017889533e-01
1.498900722239536465e-01
1.349482004985845529e-01
1.085117993446780421e-01
1.089892729373549973e-01
9.284239685242834383e-02
7.997132961667700879e-02
6.782158049580226666e-02
5.785625549339894202e-02
4.597311127993142232e-02
3.644622644222490077e-02
2.519532328405029234e-02
2.057357599500353462e-02
1.428883857571611356e-02
9.143715669037849603e-03
5.152148257880679108e-03
2.312399222573825828e-03
6.068210376912820713e-04
2.248435698427411601e-06
4.510194467429054044e-04
1.892582527391053863e-03
4.255604518050497970e-03
7.460459505237101302e-03
1.142195622096156896e-02
1.605215295190466976e-02
2.179412779368204017e-02
2.232502418740503480e-02
3.331927634038214792e-02
3.998943683651934311e-02
4.695144646336335548e-02
5.414210822711570947e-02
6.150802714285588668e-02
6.900582533134279328e-02
7.660192530792447885e-02
8.427195587665360643e-02
9.199984736030862587e-02
9.977669071865043204e-02
1.075994384089482558e-01
1.154695238352473480e-01
1.233914713714411304e-01
1.296221000104705590e-01
1.365598294857477968e-01
1.443965396190159123e-01
1.530001454443722653e-01
1.622984774443492761e-01
1.722414794934558624e-01
1.827781225831443535e-01
1.938442411452851177e-01
2.053589620579876485e-01
2.172272885245025431e-01
2.293461846035989571e-01
2.416117299162683363e-01
2.539255529984448811e-01
2.661995463364400516e-01
2.783585682704947106e-01
2.903413165293577403e-01
3.020998009944653728e-01
3.135979027147157705e-01
2.925377446302768192e-01
3.356663344923486170e-01
3.462697936962637058e-01
3.565458775961359850e-01
3.664890966955840490e-01
3.760955029550805961e-01
3.853617710125898932e-01
3.942845332048127704e-01
4.028599298051945832e-01
4.110833346737365335e-01
4.189492187575800664e-01
4.264511178859738960e-01
4.335816760026867112e-01
4.403327397512424302e-01
4.466954848403078548e-01
3.740090607538584244e-01
4.581414456923985634e-01
4.748273554253147344e-01
4.680614992574048117e-01
4.723432735104552416e-01
4.564753050376933463e-01
3.962548534163309322e-01
4.824045876844997860e-01
4.848553776617932631e-01
4.988955972578708598e-01
5.003936226987480973e-01
4.892327891679645324e-01
4.896702266146929494e-01
4.895929314311176506e-01
4.889947367802378042e-01
4.878700805822049347e-01
4.862140830669913760e-01
4.830440767590807316e-01
4.803792005808155685e-01
4.772037779452551476e-01
4.735033652285867700e-01
4.692677861752644342e-01
4.644909238888411673e-01
4.591705386761907315e-01
4.533081195838634669e-01
4.469087903185970934e-01
4.508471272892654591e-01
4.325094817137807301e-01
4.245830214198611507e-01
4.161775604997896560e-01
4.073130532087331779e-01
3.980128694979572779e-01
3.883043026908620243e-01
3.782187116031801577e-01
3.677913359349148648e-01
3.570608575823241981e-01
3.460687923924614107e-01
3.348587871966726692e-01
2.886383077789650420e-01
3.097785743965718042e-01
2.995420560239246965e-01
2.891298011362680165e-01
2.783464090461063023e-01
2.664801829650090270e-01
2.547335425319030011e-01
2.431679803363578085e-01
2.318045226865848851e-01
2.206533575647839085e-01
2.097222960498490441e-01
1.990163318290271710e-01
1.885373998699513554e-01
1.782843716556925806e-01
1.682532966523029028e-01
1.584378811019681310e-01
1.488301777074079735e-01
1.153290925142483048e-01
1.303142246146215821e-01
1.212555120331901548e-01
1.123687183890056673e-01
8.561983134652391414e-02
9.500763515838812900e-02
8.666888137829380223e-02
7.852956137962498195e-02
7.060739236861121593e-02
6.292377894194579879e-02
5.550564755942006406e-02
4.838503560704164597e-02
4.159785530859109320e-02
3.518287467386893574e-02
2.918078338567299881e-02
2.363317477034252920e-02
1.858147503704557502e-02
1.406585414998710003e-02
1.012415279625662745e-02
6.790859084612465256e-03
4.096166922476877914e-03
2.065145482338760947e-03
7.170457825480260842e-04
6.476619261480611334e-05
1.144937036462327412e-04
8.655322210738028389e-04
2.310323143790258323e-03
4.434657341645767935e-03
7.218071599773166411e-03
1.063441691527592520e-02
1.465258091371284162e-02
1.923734223253704273e-02
2.435033104697805623e-02
2.995106696430593907e-02
3.599804320269659602e-02
4.244982419868869455e-02
4.926612247496583302e-02
5.640881974107610913e-02
6.384289689417071978e-02
7.153723805923160872e-02
7.946527539395689677e-02
8.760544448201923462e-02
9.594142513445291787e-02
1.044621495815978712e-01
1.131615694171958508e-01
1.220381839990363204e-01
1.310943454930406371e-01
1.403353669235910817e-01
1.497684839815435209e-01
1.594017137373552329e-01
1.692426651797076798e-01
1.792973679184449720e-01
1.895691810148382173e-01
2.000578386035554990e-01
2.107586795687667880e-01
2.216620957645150936e-01
2.327532183671919830e-01
2.440118463690893469e-01
2.554126064231108106e-01
2.669253204869050933e-01
2.785155478942689111e-01
2.901452620773721791e-01
3.017736192249501070e-01
2.562692232712470153e-01
3.226429021924333007e-01
3.356259369089610867e-01
3.485025131424459022e-01
3.611850757143918456e-01
3.731324630545681531e-01
3.826323541846642917e-01
3.918498483289794554e-01
4.008310602381353616e-01
4.095353672799831868e-01
4.179223012404596482e-01
4.259541639493201193e-01
3.906672082252468092e-01
4.408703593808120935e-01
4.476209074735367222e-01
4.539025954987371270e-01
4.596932095674066132e-01
4.649736484451693630e-01
4.697277084459426932e-01
4.739418342388617700e-01
4.776048508652095403e-01
4.807076905414711665e-01
4.832431259047025862e-01
4.852055193903614949e-01
4.865905965329018756e-01
4.672567778833757179e-01
4.876129103099783868e-01
4.872471872503176815e-01
4.862990099857739668e-01
4.847682479352479201e-01
4.826555987462998742e-01
4.799626103103614705e-01
4.766917415729622354e-01
4.728464598750967696e-01
4.684313717841918079e-01
4.634523835646285894e-01
4.579168865748753925e-01
4.518339619468658142e-01
4.452145979008182985e-01
4.380719119865262301e-01
4.304213694473813523e-01
4.222809878209625722e-01
4.136715168840283119e-01
4.046165822040733162e-01
3.951427799771866090e-01
3.852797106321932952e-01
3.750599389949189622e-01
3.645188697684360601e-01
3.536945288223221628e-01
3.511629443555152608e-01
3.313915565587399192e-01
3.199603618458343179e-01
3.084175392232628155e-01
2.968071730687097398e-01
2.851726089947969056e-01
2.282675128868553449e-01
2.641081540067504729e-01
2.519622323461361280e-01
2.400008009031551759e-01
2.283025244067423409e-01
2.168830488452069272e-01
2.060695830734073919e-01
1.955140293162608567e-01
1.851509803860171277e-01
1.749868392893857427e-01
1.650275702949377254e-01
1.552737048066807624e-01
1.457217287236281800e-01
1.363656814804553585e-01
1.271987400838356930e-01
1.182147226466492701e-01
1.094094519965523454e-01
1.007819290528581546e-01
9.233527704156023475e-02
8.407743031132694500e-02
7.602155452842783434e-02
6.818619743597269245e-02
6.059518040642442038e-02
5.327725018944128726e-02
4.167972531120814339e-02
3.959984391610021220e-02
3.331359954987052341e-02
2.745075592644680498e-02
2.205316365402500492e-02
1.716223196309157872e-02
1.281780683141666224e-02
9.057083682418974255e-03
5.913587329144685129e-03
3.416249467468333249e-03
1.588611060237467764e-03
4.481733044392169525e-04
4.910722857876709233e-06
2.655556967740440081e-04
1.224246581234821789e-03
2.872592018071217466e-03
5.194564173817976978e-03
8.167990518769147404e-03
1.176518170679083895e-02
1.595370691488096418e-02
2.069729275038867042e-02
2.595681855701258839e-02
3.169137835221813582e-02
3.785937761794688078e-02
4.588699250415297082e-02
5.133342643001717609e-02
5.856335070422921674e-02
6.607451590420376775e-02
7.383718708017944499e-02
8.182634479919455306e-02
9.002207323852008669e-02
9.840972833250699603e-02
1.069798705492654434e-01
1.157279568543985865e-01
1.246537982155694335e-01
1.337608019203303800e-01
1.430550310258447699e-01
1.525441252420244587e-01
1.622361372373618271e-01
1.721383446561141617e-01
1.822561002618361681e-01
1.737632927893341117e-01
2.033927980672046998e-01
2.140741945626156717e-01
2.248659558221523525e-01
2.354294347677501065e-01
2.466264823952567242e-01
2.587337478403773927e-01
2.701610805137276694e-01
2.816608142763252220e-01
2.931994499935752230e-01
3.047398825857734472e-01
3.162425994103876259e-01
3.276665362355348221e-01
3.389695578037430490e-01
3.501077013023771722e-01
3.610334903077261903e-01
3.717000977461868971e-01
3.820634301452925929e-01
3.920830078211318126e-01
4.017223818826733406e-01
4.109492161878212091e-01
4.197351588425900504e-01
4.280556278845402129e-01
4.358896408293312374e-01
4.432192361675403314e-01
4.500291188751274762e-01
4.563064326473076915e-01
4.620405174948485350e-01
4.672226607316227742e-01
4.718458496633222699e-01
4.759045330464706236e-01
4.793943972149382615e-01
4.823121616986114080e-01
4.846553982020214701e-01
4.381644965982502415e-01
4.876040574172765263e-01
4.882231590340293526e-01
4.882607988596786575e-01
4.877178887889922487e-01
4.865955711988636523e-01
4.848952729515656479e-01
4.826187897956508710e-01
4.797684000773551616e-01
4.763470063145980871e-01
4.723583027257644562e-01
4.678069662341507451e-01
4.626988677778653969e-01
4.570412999409981247e-01
4.508432159891207491e-01
4.441154743539936778e-01
4.368710814936755393e-01
4.291254248938751736e-01
4.208964868292701667e-01
4.122050284421667210e-01
4.030747328112690431e-01
3.935322950840776657e-01
3.930728200966566166e-01
3.732978665669748342e-01
3.268210623510747759e-01
3.519243107968147988e-01
3.408141702128954509e-01
3.295128844923290723e-01
3.180636920456819117e-01
3.065104926444875977e-01
2.948971297472001707e-01
2.832666095894081359e-01
2.716602843333209005e-01
2.601170324843997683e-01
2.486724745647353463e-01
2.373582650686428541e-01
2.262015024375551853e-01
2.152242967115063910e-01
2.044435293661981123e-01
1.938708316124461706e-01
1.835127964159632141e-01
1.733714263172447811e-01
1.634448047244283775e-01
1.537279638756820777e-01
1.489834658312394478e-01
1.348966346423436102e-01
1.257643399612810298e-01
1.168130705176657902e-01
1.107204607567582044e-01
9.944497852483234757e-02
9.102972970674748365e-02
8.280497098160678748e-02
7.478486329342649841e-02
6.698885655018325946e-02
5.944155134599525547e-02
5.346758243652702941e-02
4.521673031449944397e-02
3.860804661411170596e-02
3.238759617858514434e-02
2.659659096480255711e-02
2.127674439461924721e-02
1.646916191883296757e-02
1.221323330365606079e-02
7.061333199144685484e-03
5.496811563249742738e-03
3.099335488846948535e-03
1.374228777854273305e-03
3.378711291878707464e-04
1.231743716239051832e-07
3.640524640466200491e-04
1.425848935192021438e-03
3.174932352354318133e-03
5.594248110824543568e-03
7.157974775658119439e-03
1.234821609416641465e-02
1.662109904359983584e-02
2.144302742704428180e-02
2.677459148083346716e-02
3.257479260291380740e-02
3.880212659230608541e-02
4.541566668130413847e-02
5.237611173210921650e-02
5.964676427072559961e-02
6.719440299324246080e-02
7.499001527753039464e-02
8.300935743524291699e-02
9.123331434535236761e-02
9.964803606380090439e-02
1.082448371842757301e-01
1.170198550527125070e-01
1.259734750064906150e-01
1.351095438713446339e-01
1.492336037198359056e-01
1.539819320297920735e-01
1.637125379866795349e-01
1.736568913050819396e-01
1.838198078996535756e-01
1.942028113696353531e-01
2.048031773075005557e-01
2.156132472797422928e-01
2.266200454479971871e-01
2.378051947468413641e-01
2.232292863155264651e-01
2.599410666315640217e-01
2.723451772225283785e-01
2.849358446116499466e-01
2.976626998469112384e-01
3.090579041426004259e-01
3.201015623746653049e-01
3.310823411925774007e-01
3.419642933919967431e-01
3.527042558933414229e-01
3.632587947412353468e-01
3.735850065881761717e-01
3.836412333259244245e-01
3.933876708845335801e-01
4.027868609998870864e-01
4.118040620057290546e-01
4.204075010083552777e-01
4.285685148960033386e-01
4.362615914216672608e-01
4.434643241061375085e-01
4.501572960584583338e-01
4.563239081820488208e-01
4.728140328241636769e-01
4.666786567740265346e-01
4.713653179600545418e-01
4.754370492553727234e-01
4.788963816785259953e-01
4.618536568179703039e-01
4.839947917276727352e-01
4.856273471529396479e-01
4.866610511507326042e-01
4.870981503722431327e-01
4.869408933673193274e-01
4.861915614306776545e-01
4.848525307460504474e-01
4.829263644686075940e-01
4.804159333599469783e-01
4.773245634367475065e-01
4.736562088060449760e-01
4.694156474310577920e-01
4.646086969980768866e-01
4.592424473374696614e-01
4.533255049961214533e-01
4.468682445779364465e-01
4.398830603864701261e-01
4.323846107547163475e-01
4.243900462815050068e-01
4.159192120783791191e-01
4.069948131495713661e-01
3.976425312828947845e-01
3.878910814392915185e-01
3.777721957237328287e-01
3.673205237357103359e-01
3.565734395643294086e-01
3.455707480231852147e-01
3.343542859907987497e-01
3.118274203814780932e-01
3.133054404829313522e-01
3.013305717406297157e-01
2.892574858249367664e-01
2.766003874539252894e-01
2.210076878291910851e-01
2.551525188526170829e-01
2.431161179749637691e-01
2.313377075005292882e-01
1.976116572153726880e-01
2.085576551553118552e-01
1.980029924637881078e-01
1.876145521261774751e-01
1.774112348804994521e-01
1.674054265712176803e-01
1.576020767735924200e-01
1.223154231475535175e-01
1.385958857888160700e-01
1.293816595415002157e-01
1.203527763595466926e-01
1.115044168815377268e-01
1.028345204102857069e-01
9.434488909162620784e-02
8.604200386317846505e-02
7.793754437227318199e-02
7.004861729721911789e-02
6.239770795363298872e-02
5.501237842241296638e-02
4.792474162893545220e-02
4.117074497527574428e-02
3.478929957409485074e-02
2.882129222973561083e-02
2.330851743726940900e-02
1.829256613950799859e-02
1.381370700628789354e-02
9.909794671362466903e-03
5.927058257152879525e-03
3.901833137509207964e-03
1.912420789214478887e-03
6.248419272642279695e-04
4.000386881557035305e-05
1.495372863075578366e-04
9.403410234261315058e-04
2.407446381099030523e-03
4.540945325361148838e-03
7.323725128481499425e-03
1.073222439171070582e-02
1.473729601235544522e-02
1.930518255531092284e-02
2.439859210905745424e-02
2.997784002639213366e-02
3.689369956109519316e-02
4.243222416962889182e-02
4.922719567896539222e-02
5.634828304685108452e-02
6.376085504761462575e-02
7.143419964370338604e-02
7.934216498530152761e-02
8.376961842667857150e-02
9.574225189030510785e-02
1.042839947811085993e-01
1.130003018523433461e-01
1.218902924280228089e-01
1.309568360983283108e-01
1.402056959598386165e-01
1.496445373482261365e-01
1.592817089780045048e-01
1.691251109893003313e-01
1.791811402830560951e-01
1.957239115980480282e-01
1.999486467376643262e-01
2.106484479740921845e-01
2.215512408958293378e-01
2.326427820668291180e-01
2.439033463071417218e-01
2.553078390218331273e-01
2.668261473239180726e-01
2.784236916463223577e-01
2.396576898793823795e-01
3.016410939302249794e-01
3.132515568776333970e-01
3.247723454698207557e-01
3.361582634519137414e-01
3.473645338582206921e-01
3.583474867330564972e-01
3.690651510270113733e-01
3.637566092593290112e-01
3.895168784941481777e-01
3.992195402126713089e-01
4.085125068909102874e-01
4.173676296079038561e-01
4.257598489476573933e-01
4.336671141556973641e-01
4.253938813426692556e-01
4.498214693298153155e-01
4.555212718908888125e-01
4.600424959808211978e-01
4.642897256590832744e-01
4.691791787487479271e-01
4.734862392300216993e-01
4.772044163421794161e-01
4.803163621892801438e-01
4.828129304205625583e-01
4.846936003551387540e-01
4.859622116795547231e-01
4.866233244725963747e-01
4.866811294534312826e-01
4.861394943663249202e-01
4.850020617845712811e-01
4.832723750754792658e-01
4.809540302652601795e-01
4.780508518223920977e-01
4.745670904182308636e-01
4.705076405399735706e-01
4.658782754381027846e-01
4.720733447029362151e-01
4.549101056879528704e-01
4.486230410201260677e-01
4.418027020115208869e-01
4.344630103778964192e-01
4.266203564760843170e-01
4.182938044273877276e-01
4.095052641319638642e-01
4.002796186639989151e-01
3.906447950372649025e-01
3.806317662797220058e-01
3.702744732886810719e-01
3.596096561875198327e-01
3.486765869896307768e-01
3.375166983835396484e-01
3.261731074246153606e-01
3.146900378244434360e-01
3.031121502517434285e-01
2.986822015857767965e-01
2.798271909148335457e-01
2.682306962353143698e-01
2.567054665118074785e-01
2.452868586650858163e-01
2.340059793014744316e-01
2.228891404625725492e-01
2.119574849531453975e-01
2.012268131285141759e-01
1.907076340282906346e-01
1.804054521200703365e-01
1.702685645836348183e-01
1.604174677631692858e-01
1.507645845214829194e-01
1.413066970947765288e-01
1.320386451304089714e-01
1.229552428261908442e-01
1.140525483055886136e-01
1.053288636899540054e-01
9.678568513562925413e-02
8.842852691306195279e-02
8.026761729501337428e-02
7.231833631194625744e-02
5.819082016071671498e-02
5.713799784457065933e-02
4.996750293388634717e-02
3.563292865038111823e-02
3.662837937572148428e-02
3.054226421516776507e-02
2.489859756736880619e-02
1.973860898139447387e-02
1.510257042944906924e-02
1.102871783750007835e-02
7.552215573489165154e-03
4.704195914031753488e-03
2.510903095769813614e-03
9.929683643623682908e-04
1.648384556273394560e-04
3.437522308128991328e-05
6.026387749504721328e-04
1.863860680423380786e-03
3.805607781139370115e-03
6.409131157632150591e-03
9.649889103310122646e-03
1.349822776358471955e-02
1.792019855353567739e-02
2.287848764396380186e-02
2.833342969501654804e-02
3.424407555043090107e-02
3.352703987205915559e-02
4.726958116623031919e-02
5.430710427929678202e-02
6.164482498586074805e-02
6.925098333188277333e-02
7.709819852540160390e-02
8.516396624042492369e-02
9.343094967946438678e-02
1.018870439557586494e-01
1.105252021830866599e-01
1.193430225524500232e-01
1.283421081226246985e-01
1.375272242168198433e-01
1.469052911002797501e-01
1.564842607726661672e-01
1.662719352643848569e-01
1.762747900921843858e-01
1.538927151067208954e-01
1.968216102427743364e-01
2.077280542053545342e-01
2.189202872660102051e-01
2.303958004952794958e-01
2.421444268184795579e-01
2.420339410287191129e-01
2.647171602314754013e-01
2.769633267320098513e-01
2.883171226642756158e-01
2.996439092284897132e-01
3.109487486496039232e-01
3.222042646169334668e-01
3.333677146367148292e-01
3.443952106796449031e-01
3.552426161140495586e-01
3.658663225663901786e-01
3.762239448044057966e-01
3.862749152266565233e-01
3.959809670011777416e-01
4.053065017935766345e-01
4.142188439919572418e-01
4.226883881587025216e-01
4.306886500415780805e-01
4.381962338938493184e-01
4.451907301994089128e-01
4.516545583374881323e-01
4.386952736942671405e-01
4.629520810512127160e-01
4.677340518286501880e-01
4.719414930113786655e-01
4.755671708077209847e-01
4.904550832540787719e-01
4.810450262164216451e-01
4.829028577714808423e-01
4.841609430087747135e-01
4.848182361851658961e-01
4.848743474076303572e-01
4.843294933051955908e-01
4.951755125691416626e-01
4.814550067100051844e-01
4.791161869504630411e-01
4.761823467366741447e-01
4.726576159477052785e-01
4.685470750135130591e-01
4.638569460720784465e-01
4.130519968402271980e-01
4.527067746134881276e-01
4.463367266311689674e-01
4.394279546266858238e-01
4.319953969397324345e-01
4.240566303133364023e-01
4.156320377509489239e-01
4.067449450146412016e-01
3.974217133452762618e-01
3.876917756791775083e-01
3.775876038183179628e-01
3.793702258084524770e-01
3.564713657097171584e-01
3.454548546982776913e-01
3.342230991780540950e-01
3.228198333447488411e-01
3.112896829963184842e-01
2.996774843055277082e-01
2.880275286047522809e-01
2.763827579526795253e-01
2.647839424299901490e-01
2.532688754125863029e-01
2.418716268895085009e-01
2.383053787089096653e-01
2.195915756999707313e-01
2.086990071963403526e-01
1.980151424273851324e-01
1.554334035866306307e-01
1.777705418578233443e-01
1.677078792977338140e-01
1.578867677739888009e-01
1.482927892943851633e-01
1.389118631276726745e-01
1.297314883591979828e-01
1.207239051355241538e-01
1.118223268707749796e-01
1.031117335167635457e-01
9.068880297128636969e-02
8.627875142904865846e-02
7.816615989825828614e-02
7.027420903282242948e-02
6.262290387142582793e-02
5.523781507257676665e-02
4.814954176480257253e-02
4.139295105815809367e-02
3.500624643351765708e-02
2.902991358024212265e-02
2.350558837596192566e-02
1.890587446960676626e-02
1.393872312876910484e-02
1.000912824051573835e-02
6.858406679286740623e-03
3.595088672785411773e-03
1.967225473988507695e-03
6.518353347961887336e-04
4.374110028488022660e-05
1.518222311789785728e-04
9.664006941527837190e-04
2.463108494470700807e-03
4.610714922211247603e-03
7.372482747697558896e-03
1.070640932982327292e-02
1.460429717051666028e-02
1.905867321710567192e-02
2.403704555344306562e-02
2.950310273483800969e-02
3.541822015453961747e-02
4.174289903421875281e-02
4.843812561483124696e-02
5.546661477759730341e-02
6.279390588731363632e-02
7.038928177638749395e-02
7.822648507412724439e-02
8.628421012785079947e-02
9.454635408554790121e-02
1.030020176776713509e-01
1.116452549621314849e-01
1.204745815840892464e-01
1.294922624232336950e-01
1.387034110352848293e-01
1.481149440194828304e-01
1.577344422718613970e-01
1.675689770188526218e-01
1.776239608147140714e-01
1.879020819398742881e-01
1.984023748937306375e-01
2.091194704001096416e-01
2.109419333911169148e-01
2.311505233253142166e-01
2.424370221994768537e-01
2.538675735797862876e-01
2.654111653262179460e-01
2.770324765363996744e-01
2.886925337473629227e-01
3.003494610295410205e-01
3.197243381821106567e-01
3.234995500359642562e-01
2.798615858549192148e-01
3.489081770005291738e-01
3.589092337598191462e-01
3.679854132816248180e-01
3.767259765541212668e-01
3.851170820620892776e-01
3.949892826539846413e-01
4.048039797939521622e-01
4.141065932699505847e-01
4.228457523439629884e-01
4.310060296436972194e-01
3.950130032710118533e-01
3.712396777084805422e-01
4.544432057285617277e-01
4.593130499665333266e-01
4.636533700350195519e-01
4.670268006887030032e-01
4.700388617246323286e-01
4.263821668360904815e-01
4.763755109845177471e-01
4.787263627267137056e-01
4.803737436164329799e-01
4.813343209421477864e-01
4.816233657668794188e-01
4.812540998967442807e-01
4.802380224961165789e-01
4.785852610556688980e-01
4.920164984001245689e-01
4.733732434913092701e-01
4.698655054592066338e-01
4.657563651089458023e-01
4.610541030029261522e-01
4.557680066616982550e-01
3.684446173377983191e-01
4.400852694717681812e-01
4.339008908477656190e-01
4.278874122458554696e-01
4.214877698538192496e-01
4.147014875332178385e-01
4.071118365533341610e-01
3.970764202135969589e-01
3.866881595513896319e-01
3.760171442189186863e-01
3.650949137271633504e-01
3.539533729848116095e-01
3.426255287463793597e-01
3.311458284835486765e-01
3.195501714135388083e-01
3.078756507002931575e-01
2.961600796552114612e-01
2.543433390998187105e-01
2.711711196631285681e-01
2.599316428922869848e-01
2.486894326617499484e-01
2.375046844596393203e-01
2.264269066929914254e-01
2.154864955083476696e-01
2.047096321379297257e-01
1.941187150552858010e-01
1.837298558104158430e-01
1.735525231411128855e-01
1.635903582803421019e-01
1.538424660559891688e-01
1.443047967303228984e-01
1.349714219637752066e-01
1.258353251038046017e-01
1.168896959776243583e-01
1.081297010040659229e-01
9.955381278508536325e-02
8.227992416828691646e-02
8.312641427817335504e-02
7.512042063235839506e-02
6.727060965012612859e-02
5.973471262377339636e-02
5.247658153167539252e-02
4.552924309606060094e-02
3.892910565731928785e-02
3.379883558212556233e-02
2.692901431198485226e-02
2.160612304807865702e-02
1.734509017476093193e-02
1.251709945047514358e-02
8.823343771153454446e-03
5.741152274859496508e-03
3.298406359929592895e-03
1.268033322945929554e-03
4.361603487587551093e-04
5.998663830521808009e-06
2.601809288347468473e-04
1.210908456995234530e-03
2.860196511876626334e-03
