9.664860187619948029e-01
9.659144010234653743e-01
9.650261997358092758e-01
9.638156293543370667e-01
9.622748612591270900e-01
9.603940575781835243e-01
9.581614168219740879e-01
9.555632333571336678e-01
9.775943443659449450e-01
9.507168380932862206e-01
9.470776816404210541e-01
9.430057168861846195e-01
9.384798871619047800e-01
9.334779559253902903e-01
9.279767376020858771e-01
9.219523684039618860e-01
9.153806207583879972e-01
9.082372644892682256e-01
9.004984771118185183e-01
8.921413044756149047e-01
8.831441714639749474e-01
8.734874404834943595e-01
8.631540130202817185e-01
8.521299665849866312e-01
8.404052159341633965e-01
8.279741836011896838e-01
8.148364606115638953e-01
8.009974339782556241e-01
7.864688534331613079e-01
7.712693061929427607e-01
7.554245658027682886e-01
7.389677797359278655e-01
7.219394609738141178e-01
7.043872517641024400e-01
6.129880682027445404e-01
6.620875573901439104e-01
6.433711963178286863e-01
6.243922839899720412e-01
6.052208242809065109e-01
5.859266927058898178e-01
5.665777732177093018e-01
5.472380761140849259e-01
4.322139631380506608e-01
5.210903131243788122e-01
4.894932679712623580e-01
4.706976152234131350e-01
4.521188558953663228e-01
4.337693813058771108e-01
3.784943365606299182e-01
4.020831343531240387e-01
3.842502042150059416e-01
3.666465921097943337e-01
3.492498619339726162e-01
2.759805646607960128e-01
3.168956964175181357e-01
3.000123651504634226e-01
2.832653011170337409e-01
2.666389185774822312e-01
2.501248783626279781e-01
2.337234072090194348e-01
2.174442634036789501e-01
2.013073377756938453e-01
1.853428935695849711e-01
1.695914590727980176e-01
1.541033930807498564e-01
1.389381459209196312e-01
1.241632387645715957e-01
1.098529825250532110e-01
8.659848475506407017e-02
8.301913738787698727e-02
7.061683550884571836e-02
5.900835661188834347e-02
4.827394491899782147e-02
3.848877506020823014e-02
2.972062102781351453e-02
2.202759146498775231e-02
1.545603023418247630e-02
9.581552741697065001e-03
5.702547331221587135e-03
2.619788215015652483e-03
7.326634737917627014e-04
1.059024877225543904e-05
4.069413252962738236e-04
1.910222510982677660e-03
4.314296390865252941e-03
7.672464477705081588e-03
1.184795667616310617e-02
1.674627323329455283e-02
2.227198431656448804e-02
2.833156704927391675e-02
3.483594087439777220e-02
4.170260594009878724e-02
4.885731971191401013e-02
5.623527703574011244e-02
6.378178694829367279e-02
6.422510797259964321e-02
7.915622846891430531e-02
8.708029142029685699e-02
9.504857463982450960e-02
1.030493186104068232e-01
1.110770683981611301e-01
1.191312689472500408e-01
1.272148443716645816e-01
1.353328294089431172e-01
1.434911101334797046e-01
1.516953182233701514e-01
1.595809669108388396e-01
1.685761747158665003e-01
1.787349746002875051e-01
1.899381455839883326e-01
1.936912855347215356e-01
2.148777097466450237e-01
2.282425967784106613e-01
2.419185850784453251e-01
2.556942085563148614e-01
2.693779112805372855e-01
2.828079260560967256e-01
2.958563801673010918e-01
3.084286614172493390e-01
2.886360344443265058e-01
3.318734692195526303e-01
3.541097320616107269e-01
3.530017333425285453e-01
3.626092055024141558e-01
3.716034114962535884e-01
3.799887618877975659e-01
3.877693135159634985e-01
3.949474602478896812e-01
4.015231677353860440e-01
4.074936280523646093e-01
4.128532289986949766e-01
4.175937527245238701e-01
4.217047364624962325e-01
4.251739434979717180e-01
4.279879048994031931e-01
4.301325022389887454e-01
4.315935689785539431e-01
4.430819065542329072e-01
4.322950540400100072e-01
4.315603143228157190e-01
4.301359111290986581e-01
4.280048877173003863e-01
4.251556256212010165e-01
4.215820423847502774e-01
4.172837438047613534e-01
4.122661288973377691e-01
4.065404446872575850e-01
4.001237866566479950e-01
3.930390394245065200e-01
3.853147511208294684e-01
3.769849341354580829e-01
3.680887846302565714e-01
3.586703135638115159e-01
3.487778831312557393e-01
3.384636445767293389e-01
3.277828763538921386e-01
3.167932255893292082e-01
3.055538606645007427e-01
2.941245483021303064e-01
2.825646745506089630e-01
2.709322351328079526e-01
2.592828263015683476e-01
2.476686720949351772e-01
2.361377271537080935e-01
2.247328955192892386e-01
2.134914046234193397e-01
2.024443697167796208e-01
1.916165771772842252e-01
1.810265056686826690e-01
1.706865924469721241e-01
1.606367635311841124e-01
1.508091150539239700e-01
1.412331518457112522e-01
1.319074386088184558e-01
1.259210206345754701e-01
1.140229070543459233e-01
1.054045460296053199e-01
9.701663278090558173e-02
8.885811662296783098e-02
8.093072119581984358e-02
7.036378462575204606e-02
6.591632531195072697e-02
5.861140310682336901e-02
5.169362603021572522e-02
4.507976843836726533e-02
3.879715364765520813e-02
3.287424319561628450e-02
2.734169274929499141e-02
2.223176980829618885e-02
1.757714886903593773e-02
1.340981638928146619e-02
9.760181429727586566e-03
6.656225583263532079e-03
3.713261657611453825e-03
2.179556050560008031e-03
8.450763930129397356e-04
1.298305506583539526e-04
3.973206409511378381e-05
5.752234203676924017e-04
1.731256449750069896e-03
3.497430423668411708e-03
5.271521563693992024e-03
8.736357239437648678e-03
1.166256958613329751e-02
1.612188348015416300e-02
2.058334720973203913e-02
2.552109631120760835e-02
3.091621190085383150e-02
3.672821709411029645e-02
4.296330616166127436e-02
4.942844909308100054e-02
5.620367160036964654e-02
6.326502832602526327e-02
5.861192665548088654e-02
7.841386160850277731e-02
8.614488169889225611e-02
9.410427205779549331e-02
1.022868407203477020e-01
1.106912976309585850e-01
1.193199365511133092e-01
1.063912045270753448e-01
1.378933319282100167e-01
1.473099297120369078e-01
1.504565953925049715e-01
1.710596544250627404e-01
1.698862924288556675e-01
1.877774946353313601e-01
1.986310778108169306e-01
2.097605110300648501e-01
2.211488972712829515e-01
2.327706166691174416e-01
2.444429191382449518e-01
2.555119784479473188e-01
2.666501113839607195e-01
2.778310348479032243e-01
2.890128014516853416e-01
3.075695211771276028e-01
2.572161911662059208e-01
3.220946887188981256e-01
3.327432715062476620e-01
3.431161161232151313e-01
3.531514741721853978e-01
3.627881689112075758e-01
3.719665947199546352e-01
3.806295953972193002e-01
3.887232069646366361e-01
3.961972598656507971e-01
4.030058434902745179e-01
4.091076424574990877e-01
4.144661588826356047e-01
4.190498379493440839e-01
4.228321156240815171e-01
3.829111136117280267e-01
4.277782054862023786e-01
4.294561307902842739e-01
4.301312731624760133e-01
4.298339850844778987e-01
4.285898548628043758e-01
4.264207547117493946e-01
4.233568284894254630e-01
4.194328927455173162e-01
4.146847639421921139e-01
4.091488953724882749e-01
4.028632387897634892e-01
4.090557234560826538e-01
3.882961932323467646e-01
3.894752693150759226e-01
3.711781879999300759e-01
3.617792615298880410e-01
3.519081943002604351e-01
3.416159964417168071e-01
3.309548977943975734e-01
3.199794930182434660e-01
3.087465061045934767e-01
2.973140743213668613e-01
2.589512010373647977e-01
2.296132852835591487e-01
2.656116973478896970e-01
2.534569676234401658e-01
2.414296965978772747e-01
2.295813660408385359e-01
2.179531323211448268e-01
2.065761714315377529e-01
1.954723332552297799e-01
1.846550604669321416e-01
1.741305182074980029e-01
1.638861592955068724e-01
1.538577657274324828e-01
1.440945181803401642e-01
1.346016396002901183e-01
1.253762949378990632e-01
1.164116007068357050e-01
1.076990381518048573e-01
1.016053018290699606e-01
9.094006316011588043e-02
8.296239246397402178e-02
7.521764196458481655e-02
6.771396229489345941e-02
6.046426585286991673e-02
5.480996882089191058e-02
4.795771479005975224e-02
3.626426020947697698e-02
3.422839048307002585e-02
2.858719930322474109e-02
2.336629020303023288e-02
1.676209240169019080e-02
1.434412722470540177e-02
1.060042724073138876e-02
7.622706971034693552e-03
4.714344905896263038e-03
2.628985348885099979e-03
1.140549417530787972e-03
2.621979354651071616e-04
2.036294987379558021e-06
3.628115243220697496e-04
1.341765072563218860e-03
2.930670609945667995e-03
5.116053726497177268e-03
7.879585729786956275e-03
1.119863542425964323e-02
1.504694172143638750e-02
1.939538612538978593e-02
2.421284264541753370e-02
2.946707931702211014e-02
2.903124928711630151e-02
4.115609885003628649e-02
4.909586581320233428e-02
5.421336061101372783e-02
6.119249127379292746e-02
7.012955761520944797e-02
7.593926344579116083e-02
8.368599018898080499e-02
7.576406795312784492e-02
9.987912394662142035e-02
1.083130498595919339e-01
1.169794142658614478e-01
1.037749171420305344e-01
1.348060319723656530e-01
1.442920344890916695e-01
1.540748695012222891e-01
1.640488364984349912e-01
1.742080170665993299e-01
1.846347952041031415e-01
1.953220740048381698e-01
2.062536706996465075e-01
2.174073196886327775e-01
2.287544299331604192e-01
1.993703512910539599e-01
2.526505791127703349e-01
2.641148483033327610e-01
2.751968858169016596e-01
2.860776259864320492e-01
2.975911766875122266e-01
3.091266521769266973e-01
3.204798895364567302e-01
3.315703539375052800e-01
3.423241285997457584e-01
3.526791062242401464e-01
3.625781444257774044e-01
3.719672045146461548e-01
3.807957206751119705e-01
3.890168866478294629e-01
3.965878589389180142e-01
4.034698887326841343e-01
4.096283952981413234e-01
4.150329936973490841e-01
4.196574891347500946e-01
4.234798494272003500e-01
4.264821659065797799e-01
4.286506116596051630e-01
4.299754044189800228e-01
4.304507796916514639e-01
4.300749778802878676e-01
4.288502472535896670e-01
4.267828626770034939e-01
3.503475231882211549e-01
4.202025792719856212e-01
4.156831118727751795e-01
4.103857931988274532e-01
4.043383111902520421e-01
3.975723889912765041e-01
3.901237866049770964e-01
3.820322515755288917e-01
3.086131314456380115e-01
3.641645505903342572e-01
3.544078411895763558e-01
3.442055928979910195e-01
3.336140684387023936e-01
3.226914269628687326e-01
3.187031517280194404e-01
2.996975271218328407e-01
2.882250736273956893e-01
2.766379506452659731e-01
2.649970348523200125e-01
2.533589831417486504e-01
2.417757668837733354e-01
2.302943541235653313e-01
2.189562149121225543e-01
2.077968152474922170e-01
2.017215034889809355e-01
1.861210759162279793e-01
1.756468121198968835e-01
1.654285463990657901e-01
1.554710344984057691e-01
1.457744587260956237e-01
1.363354723604711383e-01
1.271483609645882307e-01
1.211676367545007904e-01
9.081200832784802612e-02
1.013148249151252234e-01
9.287204001239350581e-02
8.465154918828378394e-02
7.870369696841980622e-02
6.926052421620862432e-02
6.197602306485901907e-02
5.495903535423924541e-02
4.823100523078602958e-02
4.181684712758354516e-02
3.574425508915055061e-02
3.004308462780200251e-02
2.474463788556781341e-02
1.988087380413394029e-02
1.548356954677289690e-02
1.043346843231139284e-02
8.207503984374675196e-03
5.385528836245764145e-03
3.138775723000736002e-03
1.485753604259031947e-03
4.403494713432878948e-04
1.142074148168891879e-05
2.025307418727291563e-04
1.011836341280904477e-03
2.432131875903999641e-03
4.451048574691847913e-03
7.051403871576163163e-03
1.021169043179633550e-02
1.390669051650308616e-02
1.810819752210679826e-02
2.056312292032473274e-02
2.860059265908487802e-02
3.332310237464904124e-02
3.912149574496469329e-02
4.527526519702147062e-02
5.175667386283665239e-02
5.853963363257946168e-02
6.284193007719136859e-02
7.287358075136632363e-02
8.043550577857906669e-02
8.822288738383830820e-02
9.622635822323950816e-02
1.046145724657887160e-01
1.132563000040088530e-01
1.221182520230652546e-01
1.312080032587024936e-01
1.405337786234539255e-01
1.501034036209299427e-01
1.652142348899973689e-01
1.700014685535867764e-01
1.803298503578721623e-01
1.909078109664848477e-01
2.017251880828956068e-01
2.127657765865234307e-01
2.240069657796949776e-01
2.431772420187635897e-01
2.469526571790585934e-01
2.586039779287944707e-01
2.703022339148280495e-01
2.819954467545481291e-01
2.936278272518362820e-01
3.051407237598492417e-01
3.164736062148962303e-01
3.275650455862923471e-01
3.383536539300632251e-01
3.487789569496886899e-01
3.587821782855989960e-01
3.683069220893050999e-01
3.772997473159816484e-01
3.857106332490553569e-01
3.934933408375916875e-01
4.006056783815790112e-01
4.070096829342212397e-01
4.126717305661551927e-01
4.175625894625678014e-01
4.216574298346101868e-01
4.249358039643589269e-01
4.273816085073022797e-01
3.864446479647401511e-01
4.297270802146005986e-01
4.296137951871191740e-01
4.286491462988915035e-01
4.268374461303031664e-01
4.241873265782860059e-01
4.207117436697437318e-01
4.164279880841971759e-01
4.113576952892469274e-01
4.055268471613751036e-01
3.989657552050175915e-01
3.917090140761846362e-01
3.837954131557402282e-01
3.752677935036543566e-01
3.661728377660832812e-01
3.565607816067651314e-01
3.464850370850914296e-01
3.360017211716723184e-01
3.251690863032048462e-01
3.140468544988791466e-01
3.026954619829853033e-01
2.911752272876850234e-01
2.869107616265442195e-01
2.682161414664685495e-01
2.564827300715734060e-01
2.448160563301653159e-01
2.332588968506103255e-01
2.218499365838002557e-01
2.106226152916436112e-01
1.996044825545656987e-01
1.888169995420568292e-01
1.782756655818916458e-01
1.679903895718007079e-01
1.579660577845268254e-01
1.482032689766220879e-01
1.247311816731102030e-01
1.293361499782886559e-01
1.204507214674296195e-01
1.117956891589490936e-01
1.033653176266357832e-01
9.515685535052066657e-02
8.714714577674183282e-02
7.925926801304938873e-02
7.161830265291983799e-02
6.423506062770910352e-02
5.712147404305368409e-02
5.029380922887808497e-02
4.377314616063065350e-02
3.758472748808592417e-02
3.175714421725393810e-02
2.632140746419034047e-02
2.130995064049458557e-02
1.675560158846038997e-02
1.269055976964919563e-02
7.559533371394844790e-03
6.150499307529030263e-03
3.551531467063234575e-03
1.863283607116770352e-03
6.456087130991292142e-04
5.823238493612452104e-05
1.026490759588313736e-04
7.712299738252199107e-04
2.049534966958726188e-03
3.928333918118370391e-03
6.392508166508918503e-03
9.422495849923384625e-03
1.299470755266529491e-02
1.708204761470787092e-02
2.165470707686090179e-02
2.668116091379113541e-02
3.212912802785469063e-02
3.796651975104604892e-02
4.416236399900953791e-02
5.068767321245745694e-02
5.751622380893679082e-02
6.462521526909709157e-02
7.199577853480737533e-02
7.961330645698630470e-02
8.739028145591790087e-02
9.139341900527496454e-02
9.344952222485633508e-02
1.123536334888806248e-01
1.212186102485450084e-01
1.303488070054712455e-01
1.396466570011040687e-01
1.491664330415526096e-01
1.589425421902491420e-01
1.689798653143274321e-01
1.718711895022101421e-01
1.898369644566028358e-01
2.006412674639409532e-01
2.116747120273986260e-01
2.229134324246818122e-01
2.343272323300480964e-01
2.458797726656471727e-01
2.575289744624553734e-01
2.692276059519828624e-01
2.882240820012385574e-01
2.928130155995370965e-01
3.042653354733005355e-01
3.155500355772189458e-01
2.698652154678965465e-01
3.373265334195969523e-01
3.477677110875543320e-01
3.578023967431023800e-01
3.673746265112215470e-01
3.764310892935125441e-01
3.977131346481490026e-01
3.928443906163565091e-01
4.000511898921859655e-01
4.075154141905670269e-01
4.129676862053133779e-01
4.177389419685429983e-01
4.217289790579020203e-01
4.249145380732767263e-01
4.275353355744661576e-01
4.116412307424909822e-01
4.304033722656579464e-01
4.305615137083166899e-01
4.298543164003663097e-01
4.282850967991010394e-01
4.258638554706933310e-01
4.226057463523778535e-01
4.185300843158695772e-01
3.965842959942450507e-01
4.080377963605851810e-01
4.016587745430857392e-01
3.945757759306829926e-01
3.868270025754982355e-01
3.784544197833553114e-01
3.695036404966096644e-01
3.600237261013957135e-01
3.500668934916452701e-01
3.396881209174521521e-01
3.289446487070020186e-01
3.032563141699662901e-01
3.053795362109225642e-01
2.941881480690134443e-01
2.829885030064141493e-01
2.720626400479740914e-01
2.604139447855949863e-01
2.486829452123887896e-01
2.370452502862780697e-01
2.255519335542307269e-01
2.142409100298274527e-01
2.031394951231872137e-01
1.922686713613248888e-01
1.816439870394543077e-01
1.641983605499373888e-01
1.611692432938317265e-01
1.513257371248267480e-01
1.417427825232841221e-01
1.324152574616989653e-01
1.233365218124835988e-01
1.144995001964951020e-01
1.058977613945820406e-01
9.752653782385969916e-02
8.938363346317355906e-02
8.147017680174033216e-02
7.379118594904002237e-02
6.635592490633689111e-02
5.917804208459092469e-02
5.227549351478525536e-02
4.567026311675088934e-02
3.938790042911802236e-02
3.345690218886140932e-02
2.790796814929398517e-02
2.277316376833425290e-02
1.808502319596977728e-02
1.387562566354393068e-02
1.017567720723738280e-02
7.013627850552449361e-03
4.414852053953748946e-03
2.400917477357426399e-03
9.889639163119900815e-04
1.912106775564507315e-04
1.460667976747617337e-05
4.606332561732036411e-04
1.525265088137895027e-03
3.199090033907073683e-03
5.467583972383934475e-03
8.311532294729591375e-03
1.170758546362853959e-02
1.562893220384823159e-02
2.004607042963619731e-02
2.492765295785371454e-02
3.024138237956586553e-02
3.595492714512756038e-02
4.203682896475220004e-02
4.845737010170367287e-02
5.518936818206706535e-02
6.220886599478836487e-02
6.259920353694682638e-02
7.703053526575302790e-02
8.480962443315759325e-02
9.525314863775127816e-02
1.011632048993808958e-01
1.096112689518241728e-01
1.182957798024466961e-01
1.055338062396406068e-01
1.368369258127660471e-01
1.462361759056657884e-01
1.559030529320634406e-01
1.658459786082319976e-01
1.760710915133599230e-01
1.865808790291457742e-01
1.973728006938084700e-01
2.084379604724292956e-01
2.196745907579852330e-01
2.306977446424310629e-01
2.418586702730552707e-01
2.531326106614401050e-01
2.644858510541244212e-01
2.758781238895277044e-01
2.872632060394563758e-01
2.985897152376776886e-01
3.098020597941837373e-01
3.208414911642135658e-01
3.316472080106047104e-01
3.421574629308821169e-01
3.523106284866158733e-01
3.620461867901692554e-01
3.713056157854553452e-01
3.800331546382513803e-01
3.881764395764987774e-01
3.956870095117019370e-01
4.025206874413780889e-01
4.086378487773145163e-01
4.140035913220921904e-01
4.185878237064803997e-01
4.223652898656302113e-01
4.253155467821060909e-01
4.274229114846845312e-01
4.286763913834918394e-01
4.290696096434934992e-01
4.286007346200303436e-01
4.272724195417737514e-01
4.250917557393552593e-01
4.220702398697256941e-01
4.182237528477859567e-01
4.143302869636814600e-01
4.196460836198184219e-01
4.032683331312739705e-01
3.962720673583221553e-01
3.885486525870660013e-01
3.801682746181687111e-01
3.705508164344424871e-01
3.611191908793265903e-01
3.162871282758448199e-01
3.408034732684372958e-01
3.301439826803176936e-01
3.191806908699962309e-01
2.773757221540895657e-01
2.965050404426174957e-01
2.849530845621442987e-01
2.733147775398118151e-01
2.616470854032347249e-01
2.500037243953774913e-01
1.980801009232674714e-01
2.280243036471956419e-01
2.164881196928721274e-01
2.051799796179007151e-01
1.941424854763998675e-01
1.833887272492903397e-01
1.729464763642278580e-01
1.627657953194343865e-01
1.528444059565977065e-01
1.431857540823420205e-01
1.337878463214053348e-01
1.246454105782152932e-01
1.157515195472148539e-01
1.070990787421164103e-01
9.868217377423540992e-02
9.049722850119093498e-02
8.254393866333110952e-02
7.482595897471902568e-02
6.735133454722391777e-02
6.013267931303466207e-02
5.318711425018330524e-02
4.653598638865310416e-02
4.020439567568961925e-02
3.422056089382381067e-02
2.861505818429008544e-02
2.341996664586343257e-02
1.866795528892693443e-02
1.472058321422270791e-02
1.058458800765421301e-02
7.346852448820851214e-03
4.778628987588150190e-03
2.573842946717701859e-03
1.100057723707177507e-03
2.447486787599807657e-04
3.405985918328971540e-06
3.745540975189991478e-04
1.357166755772294285e-03
2.944652230826074260e-03
5.124869731485588893e-03
7.098886545869826335e-03
1.008007442643452274e-02
1.507878248717313234e-02
1.946210064982272295e-02
2.436060327041365131e-02
2.970309078056174168e-02
3.542434029761021286e-02
4.141502272633462017e-02
4.773133936642191821e-02
5.436690119374411323e-02
6.129780018781181422e-02
6.850335667540882745e-02
7.596693298802535688e-02
8.367620581182866335e-02
9.388509891831917087e-02
9.979796686413082429e-02
1.082155107737107491e-01
1.197632397440197005e-01
1.257620649056042095e-01
1.349060762820366577e-01
1.443043503351510992e-01
1.539624208269124717e-01
1.638836242051026904e-01
1.740680024472192888e-01
1.845113198913702901e-01
1.952042413436011203e-01
2.061317087623516231e-01
2.172725416847573199e-01
2.285992733170680025e-01
2.400782209512915544e-01
2.516697771066776501e-01
2.633288973667634036e-01
2.750057528855375244e-01
2.866465102903014150e-01
2.981941992648567963e-01
2.980987602216438326e-01
3.217906360918765252e-01
3.323970094502075034e-01
3.426950963594772581e-01
3.526350365291655575e-01
3.743983547387264577e-01
3.706228563808687260e-01
3.788996983828770149e-01
3.711550064148513295e-01
3.948114423873857470e-01
4.017549140009547548e-01
4.079355552514581928e-01
4.133238541980944203e-01
4.014801231624327005e-01
4.221474111801176710e-01
4.247670300620319250e-01
4.266185925247629185e-01
4.276829189648456153e-01
4.279555454946010751e-01
4.274507911361603574e-01
4.260896093168081156e-01
4.238739736122473789e-01
4.208103019820905177e-01
4.169112215686527345e-01
4.121977689869334438e-01
4.066972156473832034e-01
4.004416938922266689e-01
3.934674514210234619e-01
3.858144397627822353e-01
3.868598257066125368e-01
3.686275406534223475e-01
3.592153077020563412e-01
3.493165911355830544e-01
3.389871638793477970e-01
3.282850795142557843e-01
3.172700541217799985e-01
3.060027516232562417e-01
2.945439840877020488e-01
2.829538447769290310e-01
2.712907980352017301e-01
2.596107560730427921e-01
2.479661777332057282e-01
2.364052279212921492e-01
2.249710380106228758e-01
2.137011067437593059e-01
2.026268776453378218e-01
1.917735226290502304e-01
1.811599524732670496e-01
1.707990635793101841e-01
1.606982176084498781e-01
1.508599371396596722e-01
1.412827874674576212e-01
1.319624031706657652e-01
1.228926091397833792e-01
1.140665801470840401e-01
1.054779812538090278e-01
9.712203346512419955e-02
8.899645476649109543e-02
8.110223536027219571e-02
7.344421667388187358e-02
6.603145551165542915e-02
5.887736656437931454e-02
5.199964749832271249e-02
4.542000036519811684e-02
3.916367071440841202e-02
3.325883141725023695e-02
2.291881155093883696e-02
2.262149407715301902e-02
1.795749236218487782e-02
1.377139128020200137e-02
1.009344931280538489e-02
6.951683509230095759e-03
4.371064869055042365e-03
2.137063753458903585e-03
9.731068067184888348e-04
1.916563268127189593e-04
1.583616115718148074e-05
4.652679748475722975e-04
1.529786840008040332e-03
3.200036487311461002e-03
5.461609624783136767e-03
8.295466534242845746e-03
1.119988410753798395e-02
1.553768783344634634e-02
1.988646582925384862e-02
2.469294116871130831e-02
2.993866394685006094e-02
3.559452855442189756e-02
4.165999763200174677e-02
4.807005052335414780e-02
5.479145185951581065e-02
6.179984201152003559e-02
6.907478035253374060e-02
7.660033105969786538e-02
8.436516448388946265e-02
9.236229123842464028e-02
1.005887708437609024e-01
1.090452619703970172e-01
1.177353683401040907e-01
1.266648005176105596e-01
1.358403859846436801e-01
1.452689707161542998e-01
1.549562639308796896e-01
1.649056828658252427e-01
1.751172557194817792e-01
1.855866380993676512e-01
1.963042915963286450e-01
2.072548630904798017e-01
2.184167909903681204e-01
2.297621509349459246e-01
2.412567397230319377e-01
2.611836044092714082e-01
2.645044370990634053e-01
2.761955166506067094e-01
2.878442542272403037e-01
2.993929062476611835e-01
3.107816344228884753e-01
3.219494454612684686e-01
3.328351023341958870e-01
3.433779801610701843e-01
3.535188461827967199e-01
3.632005497999755694e-01
3.723686148514691041e-01
3.809717318974533695e-01
3.889621530446524256e-01
3.962959956984432042e-01
4.029334645130582815e-01
4.088390027642641589e-01
4.139813854592935272e-01
4.183337668244039298e-01
4.218736944826777524e-01
4.245831017676021668e-01
4.264482883203909447e-01
4.274598974896699488e-01
4.276128971773930920e-01
4.269065687285908961e-01
4.253445063077730404e-01
4.229346269964696092e-01
4.196891896349841389e-01
4.156248182670609359e-01
4.107625239825180574e-01
4.051277170509434700e-01
3.987501995704462732e-01
3.916641275021930380e-01
3.839079300190420541e-01
3.755241736699561073e-01
3.665593590615475739e-01
3.570636386928199291e-01
3.470904463457801792e-01
3.366960311049698173e-01
3.259388926847610057e-01
3.227107195376121007e-01
3.035978967415255414e-01
2.921125352632774064e-01
2.805070745339497962e-01
2.688396444253717266e-01
2.571656284309321028e-01
2.455367730641740964e-01
2.340003654167950309e-01
2.225985193769518256e-01
2.113676096691527173e-01
2.003378887779882489e-01
1.895333149044955423e-01
1.789716095795175210e-01
1.686645519044427666e-01
1.586185033518741905e-01
1.228305850446148179e-01
1.392177350271107672e-01
1.300710216869820635e-01
1.211661052376414166e-01
1.124949084894051043e-01
1.040514136079763591e-01
9.583242164335083191e-02
9.058726632190121364e-02
7.990324410462280869e-02
7.225654532002179220e-02
6.486447944263819265e-02
5.774108297905988785e-02
5.090233428071021943e-02
4.436826733244874504e-02
3.816316338342136405e-02
3.231476662577580788e-02
