7.980212736237195514e-01
9.662093642432749707e-01
9.665024920839457856e-01
9.664869806777903749e-01
9.661626000942373782e-01
9.655270351340116131e-01
9.645758938654306336e-01
9.633027244219596330e-01
7.924715031332079107e-01
9.565022534496484541e-01
9.537497430506187701e-01
9.506161656575506935e-01
9.470830340549836190e-01
9.431303207646335451e-01
9.387366101579944777e-01
9.338792815361367516e-01
9.285347271624319054e-01
9.523864252606989433e-01
9.233950362835464665e-01
9.168956833980778098e-01
9.098226261641985113e-01
9.021520847367056062e-01
8.938610906464280470e-01
8.849279948695184528e-01
8.753330240681734820e-01
8.650588805408896409e-01
8.540913785151960091e-01
8.424201060268790009e-01
8.539162633902025457e-01
8.202582091797703256e-01
8.065504005306480817e-01
7.921439158943360814e-01
7.770558260445943333e-01
7.613103200492478129e-01
7.449389440385136840e-01
7.279806531538827175e-01
7.104816437329800616e-01
6.924949377731651756e-01
6.740796998043699917e-01
6.553002776306697807e-01
6.362249728188296150e-01
6.169245638027237577e-01
5.974706231051258865e-01
4.903019463301418468e-01
5.732944087466239624e-01
5.533525790294906432e-01
5.098062959597119415e-01
5.121422341474212159e-01
4.926984288049668370e-01
4.916464831019670689e-01
4.568520919175779182e-01
4.380697116889586962e-01
4.195728130804010081e-01
4.013579475247470163e-01
3.483448022744254358e-01
3.688955918786118726e-01
3.637245224150841838e-01
2.759608779121164868e-01
3.168021616109658045e-01
2.998676970389995144e-01
2.830869727823275284e-01
2.664430815611104619e-01
2.499261829584490946e-01
2.335348584418291684e-01
1.957654030833963499e-01
2.012816081990188299e-01
1.854170556754458909e-01
1.697619456978589070e-01
1.543642882226334556e-01
1.392813695117510464e-01
1.245787782105874791e-01
1.103291661817032143e-01
9.661076346190915209e-02
8.350566645188693682e-02
7.109792051453453499e-02
5.947142352292977829e-02
4.870768614387494672e-02
3.888349777401962915e-02
3.006856329922345458e-02
2.003976775167318550e-02
1.553024051703559560e-02
1.000466226116174077e-02
5.812939102835404728e-03
2.561289232039958876e-03
6.811747210443946498e-04
3.518215484691326577e-06
4.828798071173758867e-04
2.058383607321212418e-03
4.655890838832946882e-03
8.190654950146871241e-03
1.135993844676141430e-02
1.786921658938175547e-02
2.381128924758320331e-02
3.033508627055685539e-02
3.734265697717677190e-02
4.474221567069971983e-02
5.245006980134144653e-02
6.039202514720951043e-02
6.850425733968915076e-02
7.673366607184313459e-02
8.503775146527906004e-02
9.338407092779860141e-02
1.017493490366478542e-01
1.101183222357868946e-01
1.184824043231682555e-01
1.268382579682741929e-01
1.351863522763857850e-01
1.435295774093189314e-01
1.518719753919929860e-01
1.536098946178909019e-01
1.685743535557280848e-01
1.769257474762762072e-01
1.852848781411332024e-01
1.972892071967284056e-01
2.167623051445005666e-01
2.270835344721275628e-01
2.435372821440204005e-01
2.603637352591864351e-01
2.839833768327216235e-01
2.932413560716871648e-01
3.084905223514578521e-01
2.906123590153379954e-01
3.355709956732049193e-01
3.472900941072227243e-01
3.577783396907117108e-01
3.670829670693637192e-01
3.752675748683902412e-01
3.824005563422301357e-01
3.885475624140674600e-01
3.937671105056576026e-01
3.981084676362084962e-01
4.016110797385610276e-01
4.043049935215157209e-01
4.062118757762544496e-01
4.073463612213251706e-01
4.077175525526097744e-01
4.073305604002514513e-01
4.061880131092999169e-01
4.042914928782058714e-01
4.016428708140417636e-01
3.982455226146940364e-01
3.941054114922680207e-01
3.892320273975325984e-01
3.836391727807347274e-01
3.773455858066066537e-01
3.703753926364458660e-01
3.627583814287930752e-01
3.545300923119362735e-01
3.457317198913012479e-01
2.780779733174257307e-01
3.266678278102228550e-01
3.164472212114839422e-01
3.058715332333168946e-01
2.950022019919977811e-01
2.839020631579772802e-01
2.726342253058599008e-01
2.612608948553865051e-01
2.498421945751834461e-01
2.384350231222654160e-01
2.270920045925327313e-01
1.784107833775500362e-01
2.047944082201154925e-01
1.939018051582077073e-01
1.877691179010744227e-01
1.728115902126950432e-01
1.626296488024579490e-01
1.527021855845275000e-01
1.477730068307873401e-01
1.336448231698475764e-01
1.245102032893507654e-01
1.156363905304160361e-01
1.070180106492585742e-01
9.864973443104028961e-02
9.052752115664157440e-02
8.264966461588009461e-02
7.501761240232014682e-02
6.763654218390161010e-02
6.051569095403827592e-02
5.501543897443365166e-02
4.712760752424471206e-02
4.088276199851040987e-02
3.497402048819670678e-02
2.942812387102310134e-02
2.487683149415996497e-02
1.954173205701126292e-02
1.525897538054054627e-02
1.145563069530793239e-02
8.158994500009217332e-03
5.393920422597025047e-03
3.182084806246990999e-03
1.541350186004210440e-03
4.852443501416772264e-04
2.256914324138942264e-05
1.571493898832953629e-04
8.877283329965362244e-04
2.208011858636256021e-03
4.106859613523393578e-03
6.568617017673215874e-03
9.573578230304739811e-03
1.181321923489634003e-02
1.706534615605419941e-02
2.147926853953440948e-02
2.633605494606998040e-02
3.160949100850193871e-02
3.727109448345600207e-02
4.329209971724339023e-02
4.970007658504532744e-02
5.641944859388102473e-02
6.341838467417788838e-02
7.067938029038682568e-02
7.819081671021407831e-02
8.594520016017831443e-02
9.393888982624039319e-02
1.021717304992787456e-01
1.106464890229977155e-01
1.193681053512326146e-01
1.283427816083728135e-01
1.375769444340060599e-01
1.470761260149215932e-01
1.568438165727058242e-01
1.668803449038730458e-01
1.771818434093543893e-01
1.877393498465192989e-01
1.985380901465809977e-01
2.095569757864897964e-01
2.207683363819695765e-01
2.321378945161682306e-01
2.436249764820669073e-01
2.551829406220301188e-01
2.667597951022072089e-01
2.782989697924934669e-01
2.897402026674497089e-01
3.010204997549049133e-01
3.120751288605888574e-01
3.228386106452401094e-01
3.332456755836931683e-01
3.432321613201942401e-01
3.527358314010885509e-01
3.616971028303077595e-01
3.700596759603455022e-01
3.777710656087998053e-01
3.943058008100128187e-01
3.910427866955861198e-01
3.965357746627871105e-01
4.012116624224951744e-01
4.050422041582827370e-01
4.080044456480632076e-01
4.100807834880969005e-01
4.112590009675820002e-01
4.115322878052563027e-01
4.108992488617990713e-01
4.093639046535715864e-01
4.069356841072214737e-01
3.869385447964790448e-01
3.994514285292809497e-01
3.944545784787507614e-01
3.886567583001485082e-01
3.820935331211754438e-01
3.748054761256120471e-01
3.668379294686375247e-01
3.582406943141590028e-01
3.490676402017753310e-01
3.393762258205035298e-01
3.292269260859629343e-01
3.292618234111566733e-01
3.180630738797593504e-01
2.967334817331863661e-01
2.853834793209847898e-01
2.738987124105798365e-01
2.623406821662225830e-01
2.507677993917774573e-01
2.392344939772505230e-01
2.277904017539092163e-01
2.079399851398205379e-01
2.057163711541880047e-01
1.947475025595089282e-01
1.839960100881298521e-01
1.735184057106762823e-01
1.632928578045473866e-01
1.533340508020399617e-01
1.436446818271221448e-01
1.342249230611753386e-01
1.196514506162080771e-01
1.160115072281345111e-01
1.074831769908618367e-01
9.922689730751149684e-02
9.120207185861149701e-02
8.330653947575020202e-02
7.563875759821422906e-02
6.822341858397176773e-02
6.106983791559901509e-02
5.419104449147660318e-02
4.760362488009194787e-02
3.395724670198258660e-02
3.514761335550974086e-02
2.958041037454493469e-02
2.024888386529692663e-02
1.771121202140026399e-02
1.535605042715630121e-02
1.154637011070479974e-02
8.255148837295804218e-03
5.464633686591581323e-03
3.240821345196103539e-03
1.593558758323046845e-03
5.262798377374865253e-04
3.642784429944603939e-05
1.172508342640561028e-04
7.698061071753244371e-04
1.995431411831843135e-03
3.789390777346433002e-03
6.141220131169045429e-03
9.035273950971972959e-03
1.245142573938532761e-02
1.636588469281802238e-02
2.075209456246583303e-02
2.558168284492130448e-02
3.184297639776829947e-02
3.645476500549754695e-02
4.244236127492106991e-02
4.876057123034875651e-02
5.538580835888978066e-02
6.229773210339880490e-02
6.947970660864064008e-02
7.691908050848932088e-02
8.460726859281093859e-02
9.253962281167890658e-02
1.007150884671290242e-01
1.091356513279836959e-01
1.178055922482286605e-01
1.267305769177865804e-01
1.359166187173127816e-01
1.453689613282405924e-01
1.550909338823169836e-01
1.364369391229513784e-01
1.753450016575366366e-01
1.858596751981352879e-01
1.966181261138161274e-01
2.075995544829451478e-01
2.187766731476727400e-01
2.301156662481667059e-01
2.415763783974705370e-01
2.531127171300178169e-01
2.646732419407160641e-01
2.762019063880318259e-01
2.876389155799710107e-01
2.989216598664344859e-01
3.099856864878077767e-01
3.087068722633933837e-01
3.321147401051862680e-01
3.418459543644616905e-01
3.511343238014492663e-01
3.599304903589630178e-01
3.677758192838287421e-01
3.754600702197037343e-01
3.825940734361397699e-01
3.890006096897400401e-01
3.946367561485736863e-01
3.994622390177082760e-01
4.034408724503749655e-01
4.065446321612393721e-01
3.685741943691517863e-01
4.101356450021348965e-01
4.103599021489843790e-01
4.098934280220222215e-01
4.086951442776436960e-01
4.064539908999832973e-01
4.032753890168343514e-01
3.991931907004463986e-01
3.942500893732185929e-01
3.884862748614426597e-01
3.819445263397950874e-01
3.746707175939815171e-01
3.667139104469934741e-01
3.581263522725274817e-01
3.489633624843896942e-01
3.392830973444937448e-01
3.291461871591335742e-01
3.186152450856180041e-01
3.077542524118440648e-01
2.966278312617798285e-01
2.853004220736403140e-01
2.738353896385614106e-01
2.622940876172698554e-01
2.507349168281711171e-01
2.392124167270532620e-01
2.277764318716962444e-01
2.164713953251113376e-01
2.053357685468383265e-01
1.944016721690644545e-01
1.836947341910406817e-01
1.732341718454591950e-01
1.630331112526395565e-01
1.530991357801817776e-01
1.434350407431916885e-01
1.340397597751368242e-01
1.249094179050915382e-01
1.160384589769774127e-01
1.074207911643888236e-01
9.905089425562614569e-02
9.104109510266399086e-02
8.313815477159310074e-02
7.548309322225786600e-02
6.808017184904052721e-02
5.060717033950952459e-02
5.429539832407435929e-02
3.920548856671526167e-02
4.112056608204545799e-02
3.517005189398107745e-02
2.959022127257858112e-02
2.440790405334615498e-02
1.965202478463826119e-02
1.535130311332939118e-02
1.153350982480848275e-02
8.224737214846756031e-03
5.448689178186140805e-03
3.226017482871817478e-03
1.316551825430213336e-03
5.276704509708971761e-04
3.509555117674998818e-05
1.251135268716124934e-04
8.029512932420085737e-04
2.074638220906078762e-03
3.933624714158727095e-03
6.360415934345332346e-03
9.334762235455009577e-03
1.283279555115178668e-02
1.682787488436790144e-02
2.129147730022332846e-02
2.619400500761871406e-02
3.150559847876680669e-02
3.719695393492312291e-02
4.436678202313707603e-02
4.963045975614355232e-02
5.627338750089707492e-02
6.320202799417061479e-02
7.040035223911243756e-02
6.432840058014085982e-02
8.554710090538795997e-02
9.350114178902141360e-02
1.016987664694783133e-01
1.101422780853409111e-01
1.188362244333095036e-01
1.277864403124545079e-01
1.369989562466676081e-01
1.464788111580427044e-01
1.562288089824589166e-01
1.662485773754410756e-01
1.765336449982804479e-01
1.870745841632407147e-01
1.978563135830628261e-01
2.088575960165280354e-01
2.200507553365965985e-01
2.314016250034487687e-01
2.428697264866819250e-01
2.439053627844770256e-01
2.659730423431663771e-01
2.774905802238771257e-01
2.889111509665511224e-01
3.001719437138237190e-01
3.112083307695353573e-01
3.219548546431134084e-01
3.323461853912342279e-01
3.423180224633798896e-01
3.518079214628661577e-01
3.607560325808207291e-01
3.691057434760090517e-01
3.768042247546446455e-01
3.838028807462367520e-01
3.900577118599667936e-01
3.955295974046699192e-01
4.001845093892327787e-01
4.039936685588720877e-01
3.897246760444522673e-01
4.089498798571805649e-01
4.103606134262031691e-01
4.107602641777465813e-01
4.099943078573530797e-01
4.083190397020832196e-01
4.057606207088891304e-01
4.023417509005594583e-01
3.980872469744107245e-01
3.930200013248541513e-01
3.871658599461200168e-01
3.805558733014539063e-01
3.732276431475108347e-01
3.652250979237713358e-01
3.565971702819806799e-01
3.473972575671766538e-01
3.376826495446340060e-01
3.275138697028484591e-01
3.169539298995563970e-01
3.060675025201632371e-01
2.949200195299210847e-01
2.835767135764409308e-01
2.721016223006084145e-01
2.605565828202460743e-01
2.057565722604988712e-01
2.374574939523602102e-01
2.260408064340675982e-01
2.147597785667085257e-01
2.036525817207230915e-01
1.927508421392855331e-01
1.820795428529542737e-01
1.716571658373645115e-01
1.614960732881443317e-01
1.516031143492488076e-01
1.419804311570716515e-01
1.326264266823288795e-01
1.235368475505967262e-01
1.147059286253233057e-01
1.061275432042893124e-01
9.779630343525839986e-02
8.970855985795174459e-02
8.186325634508982707e-02
7.426260639147656828e-02
6.691256776785525773e-02
5.982310405360004302e-02
5.082026502721023742e-02
4.648816439504905446e-02
4.027957980993386589e-02
3.440951320795685581e-02
2.890486731194904721e-02
2.379422714359065091e-02
1.910704217560075038e-02
1.487277034944662832e-02
1.112001435243301951e-02
7.875679354243401986e-03
5.164180640307778139e-03
3.006725260790915795e-03
1.420689388302409043e-03
4.191097451041370559e-04
1.030374796428135983e-05
1.976290301967501039e-04
9.793888202491876725e-04
2.348885392843217366e-03
4.294619578209953395e-03
6.800630166986433578e-03
9.846963423527869269e-03
1.341026006115181649e-02
1.746444127250488393e-02
2.198147318355781268e-02
2.782136685311776061e-02
3.228791182165183932e-02
3.801996608773588332e-02
4.409972133792040144e-02
4.549636732972289072e-02
5.720482758045043054e-02
6.153538974239807641e-02
7.143269102751294286e-02
7.893186673635597950e-02
8.667794762286049060e-02
9.466742613165460285e-02
1.029002502176114137e-01
1.113792226433604621e-01
1.151499423691444979e-01
1.290991629637158467e-01
1.383483100053470860e-01
1.478656753721080686e-01
1.576539534301885648e-01
1.677124918637650786e-01
1.780362804473102079e-01
1.886150871112506067e-01
1.994327823817487466e-01
2.104668820595990142e-01
2.216883252329949761e-01
2.330614914700508689e-01
2.445444483605751784e-01
2.560894093888764766e-01
2.676433731196013466e-01
2.791489083027263174e-01
2.905450459148581910e-01
3.017682382643028238e-01
3.127533468047986598e-01
3.234346237904303645e-01
3.337466578439142739e-01
3.436252593621931806e-01
3.530082679344304641e-01
3.618362701487995992e-01
3.700532219521734945e-01
3.776069748319539898e-01
3.844497093364397933e-01
3.241267106056474612e-01
3.968789264341548995e-01
4.007251580306886996e-01
4.038676017528801676e-01
4.063320766904452985e-01
4.081120019573731272e-01
4.093131914150191508e-01
4.095681876476749417e-01
4.088360401214262696e-01
4.071395046575834731e-01
4.045058468881881919e-01
4.009649004652501847e-01
3.965492841433964633e-01
3.912946332305840547e-01
3.852398152064216985e-01
3.784271013573137776e-01
3.709022707450497780e-01
3.627146268141177576e-01
3.539169107382043045e-01
3.445650994725154570e-01
3.347180806381271911e-01
3.244372009803436763e-01
3.137856903026747246e-01
3.028279684802773208e-01
2.916288493006167770e-01
2.802526612580560905e-01
2.687623117321852884e-01
2.572183268029257786e-01
2.213318652014204246e-01
2.342097033265181649e-01
2.228268805146955411e-01
2.115920532080523553e-01
2.005409664505176381e-01
1.897029788020832275e-01
1.791010000061075969e-01
1.687516645557801676e-01
1.586657405869398296e-01
1.488487599888947965e-01
1.257172363368692647e-01
1.079881479671651046e-01
1.214580671279709007e-01
1.124792232053730967e-01
1.037370228658170274e-01
9.121414365102807620e-02
8.687694328384218401e-02
7.890299944701339996e-02
7.143910617973368848e-02
6.421988921364221725e-02
5.725922293469355023e-02
5.057593464799353677e-02
4.419140404575046949e-02
3.812924809569230578e-02
3.241494951338270980e-02
2.707540749649573961e-02
2.213840536596605249e-02
1.763200260038378167e-02
1.358386834401878983e-02
1.002057994532534226e-02
6.966913760813275153e-03
4.559921583147708707e-03
2.480660658653870143e-03
1.102653264067589723e-03
2.472747332354242726e-04
1.933879335310315522e-06
3.425723845386030803e-04
1.266873342692620549e-03
2.767653177684610208e-03
4.833076625252240993e-03
7.447010838942278929e-03
8.762040384882095398e-03
1.361497475475004562e-02
1.818316545137484141e-02
2.260955515468508759e-02
2.745813687589970450e-02
3.270444743561613798e-02
3.832323499672719846e-02
4.428928107297616656e-02
5.057819864853554254e-02
5.716717778640485054e-02
6.403565251748755127e-02
7.116586530398362476e-02
7.854330785519343661e-02
8.615701955558173475e-02
9.399972736274461727e-02
1.020678139414174512e-01
1.104143358066336511e-01
1.192543416586561850e-01
1.283263478450221984e-01
1.376362314858866065e-01
1.471910893369147710e-01
1.569961865600955908e-01
1.670538346627043480e-01
1.773623144059174594e-01
1.879149004219675678e-01
1.986990405565944029e-01
2.096957350873312753e-01
2.208791494958626533e-01
2.322164804420104034e-01
2.436680793565899616e-01
2.551878230890626820e-01
2.667237076460140521e-01
2.782186302924795629e-01
2.896113178372645702e-01
3.008373550533844365e-01
3.118302667817691165e-01
3.225226099074203767e-01
3.328470364479563792e-01
3.273837340485521441e-01
3.513483410448585142e-01
3.605581442101390977e-01
3.690718662451893395e-01
3.768426563136736962e-01
3.838294579923935412e-01
3.501310609590581047e-01
3.948854474090025546e-01
3.999983213879109711e-01
4.039105426672694454e-01
4.065740800096838137e-01
4.079073379014636069e-01
4.082602574120967609e-01
4.078271325461336749e-01
4.065841063430623570e-01
4.045142287329240305e-01
4.016097920002044686e-01
3.978720776293129258e-01
3.933110219179773992e-01
3.879448133467541804e-01
3.439012420829359318e-01
3.748722652168173242e-01
3.672775222446936216e-01
3.683092800219693319e-01
3.504993424132497037e-01
3.410477256732167839e-01
3.311060431765024958e-01
3.207387451362350705e-01
3.100117379768793646e-01
2.487651384571383517e-01
2.894646770019881910e-01
2.777582784386150583e-01
2.657402337271974058e-01
2.537229411979778915e-01
2.417771996252663924e-01
2.302935688922229940e-01
2.189905729651535626e-01
2.078336018308369060e-01
1.968559897969923145e-01
1.860902311500316764e-01
1.755615070854481818e-01
1.652876870983198132e-01
1.552799685045027911e-01
1.455437498576381550e-01
1.223096527023949526e-01
1.266963401095797248e-01
1.178605995007877688e-01
1.092751551904400653e-01
1.009814711031645079e-01
9.292142321441704267e-02
8.507225476867799618e-02
7.735911091328251388e-02
6.990026505459576156e-02
6.254042284780990391e-02
5.564249540437215397e-02
4.902577219972489159e-02
4.367498361055135309e-02
3.665404436585800729e-02
3.105050335387680646e-02
2.583597069243028996e-02
2.103836330466541879e-02
1.665193099907793378e-02
1.271740073458658797e-02
9.268523725349380252e-03
6.331963926616118385e-03
3.931526261875216248e-03
2.087584393575581381e-03
8.164109383027772166e-04
1.296573076079062241e-04
3.400113294130224209e-05
5.128115739246255503e-04
1.638493703234689212e-03
3.330240052521486662e-03
5.593390607260615224e-03
8.407411132272928772e-03
1.174836805455385311e-02
1.558982820099603581e-02
1.990364256241924576e-02
2.361645593962143075e-02
2.988637343954379799e-02
3.548819788858467716e-02
4.135981093285193144e-02
3.931228894099328408e-02
5.541830496092926828e-02
6.088330986907559278e-02
6.796505290394423693e-02
7.530967717611310175e-02
8.290807281781074900e-02
9.075503901235983106e-02
9.884898662489355337e-02
1.071914223267430716e-01
1.157862312671995436e-01
1.246387862844088174e-01
1.337549219275155632e-01
1.431398202482034310e-01
1.527968615366636085e-01
1.627264962327943654e-01
1.729251937291872709e-01
1.833845196347518858e-01
1.940903855827862678e-01
2.050225054649841006e-01
1.789910134516106976e-01
2.277963399766309016e-01
2.391127439572776625e-01
2.265046571324274005e-01
2.163881961161176481e-01
2.727942025375530433e-01
2.835940208033909671e-01
2.941811571155890648e-01
3.047283331266840700e-01
3.160473146500042407e-01
3.269749299211249793e-01
3.374267398089390024e-01
3.473364321647228747e-01
3.566435077953220012e-01
3.652932256964958047e-01
3.732364772530356589e-01
3.804296273169351927e-01
3.868343499533750118e-01
3.924174778955227816e-01
3.971508776228623305e-01
4.010113564274167541e-01
4.039806036508919451e-01
4.060451651903743131e-01
4.071964481018437998e-01
4.074307504292225546e-01
4.067493100480567003e-01
4.051583651857433299e-01
4.026692182654973418e-01
3.992982937689681378e-01
3.950671799165554332e-01
3.900026431574364350e-01
3.841366038080499257e-01
3.606904976258727968e-01
3.690695074225565087e-01
2.963980437384653999e-01
3.506204702027553299e-01
3.421012629807660965e-01
3.331170099206790525e-01
3.237039380322990767e-01
3.139013580792493485e-01
3.037514346722156033e-01
2.932988653933930046e-01
2.823986737142761272e-01
2.704456603881952859e-01
2.585426537227821231e-01
2.467415386915984832e-01
2.350745305580795586e-01
2.309483927164268369e-01
2.122478343026167058e-01
2.011494100763437098e-01
1.902826905040560790e-01
1.796635706486806594e-01
1.693037671496395724e-01
1.592108515536275193e-01
1.493884949715505450e-01
1.398369251611111808e-01
1.305535770955874031e-01
1.215339013468194479e-01
1.165093042933509071e-01
1.042700038980266947e-01
9.600678651949588749e-02
8.798825568977459988e-02
8.021386463480699447e-02
7.268626677144976456e-02
6.550425480204544182e-02
5.848401671199785629e-02
5.174276723962532160e-02
4.679989328772209828e-02
3.917391964583918917e-02
3.338642281996540007e-02
2.796649417406708166e-02
2.294260639699972210e-02
1.834413311924269069e-02
1.420043850382170410e-02
1.053997337656793765e-02
7.389407562578203387e-03
4.772824723643417054e-03
2.711002684344216828e-03
1.220798909245719016e-03
3.146573647558887753e-04
3.579106923956024257e-07
2.705973256711361342e-04
1.123587265098205650e-03
2.557213850621207173e-03
4.571911325424440550e-03
7.150622200882524732e-03
1.026863896273664742e-02
1.390178665002466708e-02
1.862239267419968716e-02
2.259918678607237066e-02
2.828743609433858469e-02
3.300570470836644565e-02
3.878045080046369636e-02
4.490001662972348956e-02
5.133936040708740600e-02
4.823884823118787524e-02
6.528037391917736187e-02
7.245520720035061868e-02
7.988037971580025376e-02
8.754627238631793040e-02
9.544687227916143213e-02
1.035796980182694810e-01
1.119455426713363150e-01
1.205480293783064566e-01
1.294316040140728041e-01
1.387571922165742877e-01
1.483331189647954240e-01
1.581605797152394743e-01
1.682411535885322273e-01
1.786116879928165424e-01
1.892055696824785915e-01
2.000367576534122505e-01
2.110831437722875126e-01
2.131338575203200469e-01
2.337022652256912636e-01
2.451927581206115037e-01
2.567442708678203678e-01
2.683035715684708444e-01
2.798128692438240361e-01
2.912107318404126843e-01
3.024330766454978447e-01
3.134141921202913683e-01
3.240877537444681322e-01
3.343878017280827453e-01
3.442496547680322649e-01
3.536107408161909271e-01
3.624113325693044119e-01
3.705951816715478131e-01
3.781100511361011329e-01
3.849081500489334728e-01
3.909464781214906370e-01
3.961870900959858499e-01
4.005972914265364948e-01
4.041497771536681771e-01
4.068227255772113304e-01
4.085998573442242154e-01
4.094704690375219336e-01
4.094294484054993299e-01
4.219919932851691757e-01
4.066373634613837940e-01
4.038901931289747838e-01
4.002646540572161737e-01
3.957839992205212654e-01
3.904767566264475409e-01
3.843766338718772602e-01
3.775223787622665195e-01
3.699575844931878854e-01
3.617304279059588290e-01
3.528933300810755402e-01
3.435025301176988233e-01
3.336175654328596973e-01
3.233006553294794361e-01
3.126159889021945526e-01
3.016289234792008389e-01
2.904051055593950270e-01
2.790095323294826679e-01
2.675055779775423748e-01
2.565147292423182179e-01
2.448882351898295506e-01
2.333448631911436977e-01
2.219271659664897589e-01
2.106753927459563969e-01
1.996219000087840201e-01
1.887919798302920560e-01
1.782049005677828479e-01
1.678744197977858621e-01
1.578091870453365020e-01
1.480132633684181354e-01
1.384868347939258448e-01
1.292271040682363981e-01
1.202293009486430642e-01
1.114877521616822881e-01
1.029970432226686716e-01
9.475283014323536424e-02
8.675260863272811485e-02
7.899652588521664798e-02
7.148803963331006039e-02
6.423437601806090969e-02
5.724676436243138905e-02
5.054044676074743309e-02
4.413447519431672877e-02
3.805131892726576481e-02
3.231631117866055891e-02
2.695696749266375189e-02
2.200220964233289001e-02
1.748152890588178937e-02
1.287017812026117723e-02
9.859063184212318517e-03
6.810390741088222406e-03
4.302246953100272338e-03
2.354530403441130841e-03
9.831140607359655122e-04
1.993791178505177728e-04
9.882800183679859966e-06
4.161691380939419680e-04
1.414727513199983333e-03
2.997099553597150356e-03
5.150130739306862417e-03
7.856359466948202586e-03
1.109453268971225849e-02
1.484023191352077352e-02
1.906659091673390538e-02
2.374508366201352055e-02
2.379251075273586258e-02
3.437525133625394386e-02
4.129313836613895256e-02
4.665100140449643384e-02
5.331034240533184809e-02
4.951880596424732689e-02
6.719578532242129199e-02
7.473146784862828851e-02
