7.986949695578350328e-01
9.670112488399462691e-01
9.673772900444830292e-01
9.675217033573787484e-01
9.674454049021132818e-01
9.671475600084082913e-01
9.666255840142039535e-01
9.658751443184216967e-01
9.648901640599308882e-01
9.636628280671322155e-01
9.621835919980953333e-01
9.604411958753237277e-01
9.584226835132767519e-01
9.561134296409556921e-01
9.534971768350458676e-01
9.505560846982419321e-01
9.472707940372536717e-01
9.436205091074582052e-01
9.395831012847659647e-01
9.351352377844472930e-01
9.302525392512182023e-01
9.249097701693177465e-01
9.190810660543839994e-01
9.127402012533905040e-01
9.058609008515458028e-01
8.984171996174155073e-01
8.903838500571840120e-01
8.817367804419793398e-01
8.724536020665998315e-01
8.625141629491194228e-01
8.519011426579216062e-01
8.406006799476991587e-01
8.286030214237157798e-01
8.159031756037288252e-01
8.025015526357501816e-01
7.884045657518065076e-01
7.736251665643655295e-01
7.581832828947676628e-01
7.421061253888664444e-01
7.254283282103892727e-01
7.081918901218078322e-01
6.904458857613446909e-01
6.722459233156521385e-01
6.536533343224004700e-01
6.347340940212896632e-01
6.155574861846665469e-01
5.961945439897028409e-01
5.767163171183616877e-01
5.730934455703872166e-01
5.396610935059339420e-01
5.201725414444160478e-01
5.008165685348080487e-01
4.816387710838370695e-01
4.626753871985842537e-01
4.439527147147389052e-01
4.254870066099135650e-01
4.072848621580815176e-01
3.893440995606495258e-01
3.716550638305166077e-01
3.542022954655302813e-01
3.369664636645700040e-01
3.064643332989859248e-01
3.105064744803985866e-01
2.862875731872279728e-01
2.765136047165404065e-01
2.534090948600543070e-01
2.371282214770273067e-01
2.209883148780594220e-01
2.050055531974753209e-01
1.892054469849929199e-01
1.736228345553919306e-01
1.583015651182875516e-01
1.432938959723652206e-01
1.286596305655355599e-01
1.144650223626146879e-01
1.007814665093511447e-01
8.768399858964107119e-02
7.524961865694991536e-02
6.355546034919967724e-02
5.267683015968321197e-02
4.268515128511311818e-02
3.364585971947616633e-02
2.309858120122473477e-02
1.869839129146720277e-02
1.283751844620005869e-02
8.080085838388890301e-03
4.433075541724609478e-03
1.888720169563473921e-03
4.244869922367763187e-04
3.650695099844343356e-06
5.764462613391963669e-04
2.081749904918690254e-03
4.449196461632064052e-03
7.601611419352729930e-03
1.145761820265586532e-02
1.593427736367169015e-02
2.094962264580780067e-02
2.185162327808462882e-02
3.245011400736947521e-02
3.879732808496274415e-02
4.541821240874828469e-02
5.225776195606457453e-02
5.927032905406115493e-02
6.641966741732095725e-02
7.367859255011634245e-02
7.990514764759643063e-02
8.706345163957276978e-02
9.504078914786789900e-02
1.035704228474247507e-01
1.124734963592220333e-01
1.216235160668550364e-01
1.309306297962028742e-01
1.403324857518623570e-01
1.497870342107915920e-01
1.592659718169357197e-01
1.687488272414877921e-01
1.782180839096942082e-01
1.876556865801479734e-01
1.970410367012151442e-01
2.063503190064298887e-01
2.155568217424352617e-01
2.246318493215724021e-01
2.335458615795960868e-01
2.422695667248122298e-01
2.507748038952510305e-01
2.590351471713993603e-01
2.670262323765868473e-01
2.747258492855210177e-01
2.730190794452200254e-01
2.912830294597997804e-01
2.974827615105811174e-01
3.033762582587177237e-01
3.089494092611593801e-01
2.650610990137349798e-01
3.249740384622566425e-01
3.286924019721053636e-01
3.318642881395337807e-01
3.344934605717980736e-01
3.368113358154703474e-01
3.388954073367657638e-01
3.407072485081108493e-01
3.422120254791082838e-01
3.433783693597740605e-01
3.441783213781135498e-01
3.445873241945528465e-01
3.445842388162523307e-01
3.441513718769468877e-01
3.290326991527345868e-01
3.418968258169649554e-01
3.401139486486789987e-01
3.378631539822065655e-01
3.351444750521888061e-01
3.319612714036746515e-01
3.283201291922629439e-01
3.242307201110512516e-01
3.197056123749823509e-01
3.147600274044285995e-01
3.094115368892564333e-01
3.036796969706959670e-01
2.975856194646218089e-01
2.911514843782681550e-01
2.844000033265567939e-01
2.773538494435695556e-01
2.700350746183691197e-01
2.624645493966763499e-01
2.122526777431024414e-01
2.483064767333421352e-01
2.395935220512947494e-01
2.308023153344749834e-01
2.219194760822638945e-01
2.129309539717210153e-01
2.038233128529995108e-01
1.946128884754968202e-01
1.853846442484604340e-01
1.759867910613948927e-01
1.664333875350147152e-01
1.567399069755192609e-01
1.469237465015914845e-01
1.370061412337595097e-01
1.270137157865474931e-01
1.169796377027358669e-01
1.069443597965658993e-01
9.695595564238736197e-02
8.707006505193169710e-02
7.734947503996565665e-02
6.786336746479335047e-02
5.868626836586983420e-02
4.989673709176888766e-02
4.157583649775298956e-02
3.380542932940906742e-02
2.666635051534661099e-02
2.023651016838233507e-02
1.458898699583581829e-02
8.058141717440922211e-03
5.815336962291005503e-03
2.874339722002921052e-03
9.547319806373124598e-04
6.737178800475873762e-05
1.679687039856467702e-04
1.325158803166649833e-03
3.414983932068888992e-03
6.200159714313180012e-03
1.045780620906459381e-02
1.533386744992745743e-02
2.103992850241660773e-02
2.751136642037733601e-02
3.582372161663162358e-02
4.246174821334350313e-02
5.078371587781113639e-02
5.956281767189675058e-02
6.871953077902953622e-02
7.817693694944372051e-02
8.786219856497951008e-02
9.770779887194742941e-02
1.076525204437814298e-01
1.176421423463682031e-01
1.276298434830640538e-01
1.375763077839677329e-01
1.474495366564865240e-01
1.572243854303211064e-01
1.668818529226094582e-01
1.764081657505777168e-01
1.857937103081440666e-01
1.950318739521309519e-01
2.041178616206100471e-01
2.130475539602895985e-01
2.218164678138447310e-01
2.304188700343635654e-01
2.388470820902812708e-01
2.470909972743373095e-01
2.551378161983792192e-01
2.629719912390331982e-01
2.705753580087552068e-01
2.779274226453136709e-01
2.850057681393843856e-01
2.917865409965922918e-01
2.982449808295739024e-01
2.771992562667607296e-01
3.127612816081299374e-01
3.174600387626976827e-01
3.215329699081575510e-01
3.238857787984004144e-01
3.261098900202101247e-01
3.389157492151239071e-01
3.339412977145461703e-01
3.366764781786849570e-01
3.388814573322817547e-01
3.405322706169365832e-01
3.416208336236228327e-01
3.421451466160207455e-01
3.421057601017442606e-01
3.415056681559601737e-01
3.429356611893606410e-01
3.406546883322985053e-01
3.379403557615370257e-01
3.347737685959529252e-01
3.311596010896048492e-01
3.271171964291487710e-01
3.226622093779671907e-01
3.178079078828316417e-01
3.125680861195844207e-01
3.069581916534853128e-01
3.009953614098619390e-01
2.946979243538918047e-01
2.880840780938410672e-01
2.811709748135892140e-01
2.739768376424172591e-01
2.665207355656137866e-01
2.588217280718497770e-01
2.508979590161067308e-01
2.427658747551687535e-01
2.344396707616230591e-01
2.259310163148467998e-01
2.172490714167793768e-01
2.084007884347813255e-01
2.043401631929647189e-01
1.902301582272924452e-01
1.809121603221017505e-01
1.714481647150114252e-01
1.618463504764095506e-01
1.521185390599767429e-01
1.422813068765314826e-01
1.323569741724256177e-01
1.102383730081187285e-01
1.123695076889446864e-01
1.023856206583789313e-01
9.247390755332943191e-02
8.269244992208743539e-02
7.310598885281614778e-02
6.374730576900559942e-02
5.473563357132675555e-02
4.615380531499866518e-02
3.808397223946624610e-02
3.060755778940029564e-02
2.380318474616475305e-02
1.774447087930114061e-02
1.249777919575025160e-02
8.120033532182211952e-03
4.656603474739460027e-03
2.129439099576547426e-03
5.690682947172968388e-04
2.085401965098271287e-06
4.413659314739870674e-04
1.885719157899338680e-03
4.320089102153608536e-03
7.716170139229601432e-03
1.203339446569492988e-02
1.722023747234202595e-02
2.321577886823461903e-02
2.995145256703897474e-02
3.735291685508695947e-02
4.534197785061527125e-02
5.383850312277469602e-02
6.276226782180249764e-02
7.203468202825542843e-02
8.158035463123937403e-02
9.132845549331750079e-02
9.117519018234007677e-02
1.112168443007584689e-01
1.212419645311561545e-01
1.312449286008514071e-01
1.411896222875834161e-01
1.510468424390796482e-01
1.607938119459551563e-01
1.704134112039582261e-01
1.798933211884153616e-01
1.892250879415383613e-01
1.984030300148918735e-01
1.718101795506880025e-01
2.166221050319283858e-01
2.249306702186079920e-01
2.329390199417953056e-01
2.407632840174929179e-01
2.490371798642972145e-01
2.571366109444382930e-01
2.650193694387112386e-01
2.726624017535790312e-01
2.800408132613990131e-01
2.871282223254371102e-01
2.938974650322007109e-01
3.003212589940252863e-01
3.063727989529628215e-01
3.198048388583904500e-01
3.172902347154054059e-01
3.220686396228777393e-01
3.263821809159939136e-01
3.302123455201732005e-01
3.335428907706979862e-01
3.363599209262624345e-01
3.386519273450618317e-01
3.404098032629608306e-01
3.416268427046123546e-01
3.422987312694902307e-01
3.424235344899084765e-01
3.420016872569587862e-01
3.410359855362913861e-01
3.395315793242832392e-01
3.374959636022450971e-01
3.349389620153834235e-01
3.318726962311292494e-01
3.283115325320663525e-01
3.242719963033600106e-01
3.197726448285512779e-01
3.148338893614170408e-01
3.094777589370158455e-01
3.037276009346510652e-01
2.976077170673105954e-01
2.911429382203707394e-01
2.843581472578156633e-01
2.772777652792035030e-01
2.699252234143732498e-01
2.623224485048821220e-01
2.544893962386528541e-01
2.464436687088075451e-01
2.382002542108163645e-01
2.297714247550363131e-01
2.211668208853373729e-01
2.123937439501046298e-01
2.034576633982888294e-01
1.943629318550673668e-01
1.777064789498445652e-01
1.759651619378538590e-01
1.377271614214378437e-01
1.570488788222672849e-01
1.473287707252826928e-01
1.375066515496464192e-01
1.276072314699453480e-01
1.176630189945257754e-01
1.077143297392315485e-01
9.780910386216244701e-02
8.800252841543096394e-02
7.835645800116182447e-02
6.893862470539224852e-02
5.982162743582955522e-02
5.108169265372089485e-02
4.279720414759865393e-02
3.504700980097932156e-02
2.790852864614076431e-02
2.145570150189904032e-02
1.575685174687136911e-02
1.087254664410540125e-02
6.853570343881335535e-03
3.739132833796124638e-03
1.555440496089620936e-03
2.953843668320528418e-04
1.953494852793622160e-05
6.974232629217687416e-04
2.344584308929308167e-03
4.951787696802921815e-03
8.495143982412278402e-03
1.293730722675640564e-02
1.822902771523079307e-02
2.491491026527116806e-02
3.111966048177966168e-02
3.857640669486767787e-02
4.660491034807123789e-02
5.512586847598921480e-02
6.406006008410956853e-02
7.333011792102651916e-02
8.286210507548946724e-02
9.258686318820177896e-02
1.024411055685559568e-01
1.077249942299606245e-01
1.223183271887816614e-01
1.322500218758977941e-01
1.421288367550411769e-01
1.519272539879852890e-01
1.616241908114389447e-01
1.754500975869047186e-01
1.806574292764868694e-01
1.899741689547024270e-01
1.991504533092025298e-01
2.081823205134124000e-01
2.170658640526833827e-01
2.257962770220734994e-01
2.343670699802856139e-01
2.427694912966266438e-01
2.260725349174587118e-01
2.589957036744043872e-01
2.668194062954190593e-01
2.744128359635432668e-01
2.817543128988165835e-01
2.888204615822762000e-01
2.955867265831053636e-01
3.020279109071143941e-01
3.081187063087993949e-01
3.138341912350026131e-01
2.912308236884904589e-01
3.376473060390344227e-01
3.324829263083036168e-01
3.341812050941267431e-01
3.353001794742238029e-01
3.358399976394043085e-01
3.358043259189910090e-01
3.382505974777437197e-01
3.407109666518131630e-01
3.424871955707609050e-01
3.435854573622724728e-01
3.440178644450107570e-01
3.437994306127120647e-01
3.429473987889056219e-01
3.414807709718115647e-01
3.394199965510829031e-01
3.367867769261275734e-01
3.336039478740339681e-01
3.298954053552921040e-01
3.338126942680629261e-01
3.210408277561498380e-01
3.158992732819043137e-01
3.103387649648405300e-01
3.043866689126012992e-01
2.980705866267462367e-01
2.914180077361295806e-01
2.844559065178924318e-01
2.772102972380509622e-01
2.697057703303630261e-01
2.619650378785313705e-01
2.540085221209685828e-01
2.458540240392245169e-01
2.375165098183958934e-01
2.290080505041719450e-01
2.203379441944659789e-01
2.115130406137382124e-01
2.025382753711250650e-01
1.934174064879493060e-01
1.841539301690311992e-01
1.747521378054731345e-01
1.652182633986996052e-01
1.555616613593712172e-01
1.457959499186283203e-01
1.359400555763212171e-01
1.260190988532992329e-01
1.160650702981843307e-01
1.061172570189067438e-01
9.622239261762836893e-02
8.643451607049333629e-02
7.681453689811468255e-02
6.742951479778923340e-02
5.835167170701763273e-02
4.965715795792825793e-02
3.726411134953876159e-02
3.360922706569882679e-02
2.714189450782419910e-02
2.007791900110634381e-02
1.446549308681551946e-02
9.710636162113549935e-03
5.628058147714680784e-03
2.979450971586299068e-03
1.055598130225885670e-03
1.086470815161502668e-04
1.329311292508942265e-04
1.107860099282266661e-03
3.021886651610010410e-03
5.869406197430909918e-03
9.627058320769045843e-03
1.425772230261123687e-02
1.971223894787564254e-02
2.486923546968643553e-02
3.288333525944710234e-02
4.044891464317963703e-02
4.856081543676603329e-02
5.714071514624202014e-02
6.611092963681280965e-02
7.539610406586205738e-02
8.492470400199512992e-02
9.463027545610869229e-02
1.044524485671321778e-01
1.143376655901390815e-01
1.242396202614539508e-01
1.341194031863001956e-01
1.439453570337996813e-01
1.536926560905315375e-01
1.633426367058216644e-01
1.771696006075499374e-01
1.823025965173543372e-01
1.915959566159096683e-01
2.007592060170693693e-01
2.097890122368486487e-01
2.186817684493549407e-01
2.274326802906811440e-01
2.360350349546413984e-01
2.444796776376760294e-01
2.527547045249623481e-01
2.608453663579634596e-01
2.687341635451927502e-01
2.764011037480297861e-01
2.838240864073764969e-01
2.909793758360690874e-01
2.978421249633633194e-01
3.043869149840250365e-01
3.105882812867749032e-01
3.164212023300864707e-01
2.938152828703284314e-01
3.302735697186450770e-01
3.460663784792351039e-01
3.369657369244539180e-01
3.381435033852148164e-01
3.387426889564987831e-01
3.414673972830921111e-01
3.442352119528286902e-01
3.464319224372434669e-01
3.480136244089318542e-01
3.489832093949261638e-01
3.493467265058319837e-01
3.491123675740757104e-01
3.187560110816808345e-01
3.227881445825114270e-01
3.534850576027641633e-01
3.481032400775879720e-01
3.423539526497113572e-01
3.362665851193099575e-01
3.298713663672880880e-01
3.231985907884677989e-01
3.162777747616786206e-01
3.117110130526271616e-01
3.070882822188944483e-01
3.018365494233338220e-01
2.960262194828525151e-01
2.897233632740464082e-01
2.829887165641271629e-01
2.758772343464750421e-01
2.684378324674655536e-01
2.174159405904194375e-01
2.545826812037257914e-01
2.460338408356897155e-01
2.374075409276001081e-01
2.286895150763324502e-01
2.198689470294120374e-01
2.109362433239244938e-01
2.018852095317680284e-01
1.927134780093434085e-01
1.834197439515229955e-01
1.740043108451990728e-01
1.644704621494777752e-01
1.548254652951467636e-01
1.450814313701767333e-01
1.352561012230094617e-01
1.253735393755901761e-01
1.154646855044506731e-01
1.055677117684954702e-01
9.572814517768382658e-02
8.599872830590005179e-02
7.643900527362137987e-02
6.711463217284101279e-02
5.809642210939857526e-02
4.945914507991840126e-02
4.128011215356390540e-02
3.363758195903834153e-02
2.660903528849537653e-02
2.026937118736456267e-02
1.468908312793487485e-02
9.912692525447764150e-03
6.162619815850096071e-03
3.063348703148578017e-03
1.094359195153602523e-03
1.174103624610575085e-04
1.059560067273843153e-04
1.120567423268743019e-03
3.087029802739807167e-03
6.156958873805237938e-03
9.850954150872080761e-03
1.312490490304809611e-02
2.010976338360223256e-02
2.640866218263353618e-02
3.339709416405226700e-02
4.100089808226787397e-02
4.914310182005562216e-02
5.917835479915294766e-02
6.673560912702589110e-02
7.603297304169158444e-02
8.556795162922627151e-02
9.133793938804007917e-02
1.050935320273009843e-01
1.149719474252009765e-01
1.248646521894257178e-01
1.347335164612170622e-01
1.445476440581560384e-01
1.542829454254737720e-01
1.639214593356789484e-01
1.734504621726231655e-01
1.828614156540191993e-01
1.921488133643154128e-01
2.013089921320499187e-01
2.103389751298672949e-01
2.192354092367867491e-01
2.279936500027611446e-01
2.366070344562352934e-01
2.450663664326723501e-01
2.533596227467019846e-01
2.506485575038638891e-01
2.693695469664816322e-01
2.770676902491960858e-01
2.845243712719444096e-01
2.917155378586770986e-01
2.986160575698765807e-01
3.052002677623043558e-01
3.114425073828322454e-01
3.173176074916609357e-01
3.228013244713962004e-01
3.278707065731178427e-01
3.325043904340624912e-01
3.366828291912940530e-01
3.403884576747129853e-01
3.436058028713732115e-01
3.463215494776281655e-01
3.485245710170880584e-01
3.502059368498662284e-01
3.513589045884287776e-01
3.519789061168074884e-01
3.520635337167306034e-01
3.516125308515265502e-01
3.506277900439730977e-01
3.491133580913709511e-01
3.178410698146895141e-01
3.576830817293125131e-01
3.441063863192301842e-01
3.379966186896404823e-01
3.315774666014615901e-01
3.271088345102760586e-01
3.226336384839349480e-01
3.176979235254601686e-01
3.122820390140951252e-01
3.064189358594918144e-01
3.001471345493067489e-01
2.935037932796199511e-01
2.865243983246660298e-01
2.792424193082525541e-01
2.716889431507245600e-01
2.638923094909532696e-01
2.558777776096425316e-01
2.476672598104046052e-01
2.392791583007378708e-01
2.307283413701679275e-01
2.220262897860105222e-01
2.131814358181626512e-01
2.041997055510904047e-01
1.950852609553489769e-01
1.858414227718921397e-01
1.764717400836579575e-01
1.669811590749936125e-01
1.300612242494040560e-01
1.476672380101213267e-01
1.378867227026839837e-01
1.280507931073262828e-01
1.181761806501453738e-01
1.083003089764641158e-01
9.846974896660953824e-02
8.873499458359564163e-02
7.915507170330758624e-02
6.979492738777198779e-02
6.072350449986998328e-02
5.200319791119450280e-02
4.371097290038208905e-02
3.592426719074880842e-02
2.872080040511959531e-02
2.217666728200422266e-02
1.636437426195495870e-02
9.346065570571089262e-03
6.786295425120110469e-03
3.792735579450958773e-03
1.515551799256586226e-03
2.644423157758681140e-04
4.004932124423211834e-05
8.265962790823147381e-04
2.592731288946610591e-03
5.293028522620630769e-03
8.870034105984804865e-03
1.325670627363959887e-02
1.837908268947442345e-02
2.418388072462901092e-02
3.068594367787967278e-02
3.782443547226462671e-02
4.552996836484772547e-02
5.372938063234309475e-02
6.234823741456232971e-02
7.131306857856294090e-02
8.055330280937395004e-02
9.000287192747483123e-02
9.548583142626314302e-02
1.092948676500103689e-01
1.190372515491998351e-01
1.287897933314758325e-01
1.385208911163944845e-01
1.482058978908159241e-01
1.578264568612663954e-01
1.673696192086596146e-01
1.768267986367799971e-01
1.861926239832594754e-01
1.954637548141894832e-01
2.097167620382992814e-01
2.137162340583143583e-01
2.226857252938361231e-01
1.913329237838017338e-01
2.402613588362546571e-01
2.571426580075384383e-01
2.573868483748809610e-01
2.657009321562655568e-01
2.738371296706011426e-01
2.817739627889261911e-01
2.894881372013531906e-01
2.969550471081249809e-01
3.041493028146905475e-01
3.110452510784522673e-01
3.176174636488381386e-01
3.238411756576969336e-01
3.296926617786050118e-01
3.351495439278466271e-01
3.401910294074932950e-01
3.447980826026995627e-01
3.489535365643981479e-01
3.526421530471819943e-01
3.558506409057467512e-01
3.585676432958503912e-01
3.607837040092031766e-01
3.624912226293733331e-01
3.636844071511744492e-01
3.643592313658295390e-01
3.645134027656768971e-01
3.641463450330523210e-01
3.632591973992997381e-01
3.618548313302754615e-01
3.599378831458862060e-01
3.575147993439258265e-01
3.545938896088883796e-01
3.511853807919695369e-01
3.473014636131073196e-01
3.429563225439697938e-01
3.381661383887302752e-01
3.329490526146231533e-01
3.273250826399592417e-01
3.213159782129010877e-01
3.149450108503126788e-01
3.082366911632622442e-01
3.012164128299107957e-01
2.939100269593859505e-01
2.863433564811249665e-01
2.785416667158730486e-01
2.705291150099862763e-01
2.623282086708972338e-01
2.539593057369359808e-01
2.454401965940077035e-01
2.367858053792339101e-01
2.280080478768838070e-01
2.191158768451995087e-01
2.101155363930526931e-01
2.010110345566938905e-01
1.918048284594917885e-01
1.824987006171144566e-01
1.730947895897279321e-01
1.635967248652161199e-01
1.540108060058630879e-01
1.443471607402939116e-01
1.346208163086736742e-01
1.248526228148152672e-01
1.150699758594026512e-01
1.053072974542023921e-01
9.560624680031434841e-02
8.601564435177798396e-02
7.659110795760812329e-02
6.739440817975773934e-02
5.993814206547097567e-02
4.994902491729737160e-02
4.185112531399240443e-02
3.426933343608632582e-02
2.727812533185383637e-02
2.094974108764681431e-02
1.532691697876186789e-02
1.049775442191943318e-02
6.541629210654811497e-03
3.498245004068931477e-03
1.394096308943878993e-03
2.396983592377983842e-04
4.158441511952077599e-05
7.324502446710629737e-04
2.562190428600148208e-03
5.260355500345902276e-03
8.870627779023556453e-03
1.204612400821273438e-02
1.871066975373221822e-02
2.475963302316893516e-02
3.143087484295259415e-02
3.868321584893880116e-02
4.648053185051234659e-02
5.475111192356697798e-02
6.342165271824748429e-02
7.242053046896637647e-02
8.167943599401558674e-02
9.113475259985343024e-02
1.007286594568903570e-01
9.946055663707618899e-02
1.201336166699808472e-01
1.330828954715606027e-01
1.395716093699065075e-01
1.492340285146956658e-01
1.588337832225818202e-01
1.739275271011522239e-01
1.778063624689887046e-01
1.871654032151083280e-01
1.964367982581831096e-01
2.056190938041625171e-01
2.147104702402913012e-01
2.237077989978106252e-01
2.326058808708999226e-01
2.413968932187547378e-01
2.500700574628023642e-01
2.586115227796089711e-01
2.670044482740717706e-01
2.752292552275457660e-01
2.832640138365079552e-01
2.910849253228230404e-01
2.689816902910137641e-01
3.059259291698851468e-01
3.129653342236802804e-01
3.196866009453157020e-01
3.260645461766116249e-01
3.217858155796912145e-01
3.405143645115189521e-01
3.450544160239663039e-01
3.492107018037006738e-01
3.529787682886637024e-01
3.556544568980170573e-01
3.575495086712543458e-01
3.605329261013480169e-01
3.630575925441595908e-01
3.651214649531818734e-01
3.666989052938247062e-01
3.677624763741280667e-01
3.577208595700860916e-01
3.719902012797968727e-01
3.700556960639268533e-01
3.656595045777764619e-01
3.636185692633451261e-01
3.616291794277388116e-01
3.591739397647941701e-01
3.562367354863846258e-01
3.616142113070679454e-01
3.489094258568823936e-01
3.444687750766216583e-01
2.804872505244409009e-01
3.424251270694161908e-01
3.283984719818511810e-01
3.222611707566678252e-01
3.157559409617718971e-01
3.089106524737719739e-01
3.017535562433154017e-01
2.943129156508200173e-01
2.866165715172985795e-01
2.786914574329720229e-01
2.705630888819867685e-01
2.622550560087824056e-01
2.537885551224941527e-01
2.451819974367817345e-01
2.266662518418378625e-01
2.275953935920981552e-01
2.186499746945439748e-01
2.096066023310129423e-01
2.004693448114305554e-01
1.912405421598757094e-01
1.819217067193127091e-01
1.725145743307640034e-01
1.630222563506812383e-01
1.534504329991436544e-01
1.438085232402648017e-01
1.285689467337812475e-01
1.243767910094728396e-01
1.146335486530490888e-01
1.049144087878766812e-01
9.525998477516857410e-02
8.571801630622492840e-02
7.634301687491704125e-02
6.719564149002178743e-02
5.834179033051312135e-02
4.985147512221747845e-02
4.179748007980994828e-02
3.425385473370186340e-02
2.729428175570172699e-02
2.099036794792939059e-02
1.540991118765260535e-02
1.061519991652811953e-02
6.661404055975843862e-03
3.595116217069994988e-03
1.453099007727597005e-03
2.612876726419933950e-04
3.408730200224169662e-05
7.739911137321682380e-04
2.471532088323511508e-03
5.105565975547182375e-03
8.643870656649392525e-03
1.304403576280094117e-02
1.751574884436388202e-02
2.427345503090002146e-02
3.096040386821537552e-02
3.825929556282879618e-02
4.609632613263157236e-02
5.439744696927353851e-02
6.308968084342775340e-02
7.210248467969276875e-02
8.136905300036852140e-02
9.082747524506180892e-02
1.004217098100096128e-01
1.101019748840122159e-01
1.198216312693691638e-01
1.070746816369759491e-01
1.392725985295043545e-01
1.489380890359275900e-01
1.585404208080437860e-01
1.680684474179342525e-01
1.775152960374772881e-01
1.868772409306365123e-01
1.961525172947380380e-01
2.053401433894596340e-01
2.144388165691340775e-01
2.234459415058312748e-01
2.323568370186706589e-01
2.411641528345863927e-01
2.498575109656216153e-01
2.584233699416222940e-01
2.668450954509967721e-01
2.751032092098771309e-01
2.831757798147090943e-01
2.910389151489372606e-01
2.986673153835294747e-01
3.060348481733502490e-01
3.131151125456332895e-01
3.198819643692255021e-01
3.263099833852514120e-01
3.323748688845681865e-01
3.380537577031411112e-01
3.433254639105370876e-01
3.481706441861623924e-01
3.525718963454384514e-01
3.565138008306417694e-01
3.599829163265441667e-01
3.629677411478479110e-01
3.350931702207571861e-01
3.724907430141322640e-01
3.717693137695877170e-01
3.694909652574353554e-01
3.666962263525969101e-01
3.666399293636914414e-01
