9.651148432707635783e-01
9.648226876458964041e-01
9.643186533047156672e-01
9.253252327842319547e-01
9.648569841799458091e-01
9.653494536296292061e-01
8.687369804870186396e-01
9.635995940608341748e-01
9.625911138337862605e-01
9.613440199529030838e-01
9.598482475275843528e-01
9.580919701471819483e-01
9.560616214498041110e-01
9.537419251982750534e-01
9.511159361554341052e-01
9.481650943853793256e-01
9.448692959393191204e-01
9.412069832046784379e-01
9.371552584904395689e-01
9.326900246723389687e-01
9.277861569052695545e-01
9.224177094981185210e-01
9.165581620031972854e-01
9.353587068276241201e-01
8.295756302759509371e-01
9.143610470072790486e-01
9.072493750309559291e-01
8.995453804626449834e-01
8.912252934376887481e-01
8.098518781427361812e-01
8.902035649756457891e-01
8.807285925155462492e-01
8.705676802612264398e-01
8.597064480569255318e-01
8.481340803269197259e-01
8.358440008192765669e-01
8.228345453923233688e-01
8.091096112126399120e-01
7.946792565252808194e-01
7.795602212779774165e-01
7.637763357172655532e-01
7.473587820832878759e-01
7.303461742186388994e-01
7.127844217948895444e-01
6.947263504267607859e-01
6.762310565553498742e-01
6.573629868121529940e-01
6.381907455203551516e-01
6.187856505899047566e-01
5.992200764542567892e-01
5.795656416030835478e-01
5.598913160511440612e-01
5.402615388767819660e-01
5.207344458489512329e-01
5.013603104289243717e-01
4.821802968496446407e-01
4.632256110405429950e-01
4.445171142898079464e-01
4.260654371063367640e-01
4.078715990349839893e-01
3.899281071123067433e-01
3.722204744238659102e-01
3.547290738761825213e-01
3.374312232769380859e-01
3.203033876510816835e-01
2.729399710232982557e-01
2.861165924485130629e-01
2.693568833475021851e-01
2.527038997806531073e-01
2.361606220075690155e-01
2.197393178957247895e-01
2.034621034343646884e-01
1.873611426452966577e-01
1.771193452986722650e-01
1.558480287294572164e-01
1.405710034656213747e-01
1.256885905906097167e-01
1.112753481137827155e-01
9.741074739896424250e-02
8.417746042374958659e-02
7.165945929989442353e-02
5.993995300971472623e-02
4.909919484236248410e-02
3.751942616906037836e-02
3.018504929829721184e-02
2.233442832158123378e-02
1.563356777926219049e-02
9.658856302425506898e-03
5.715477206757363024e-03
2.596394937605118244e-03
7.038300184936056424e-04
5.838859719616109115e-06
4.536226894032138659e-04
1.983206989024866723e-03
4.517728493364482449e-03
7.970191407907124478e-03
1.224652482333446653e-02
1.724876180829443620e-02
2.287816639607859193e-02
3.000747562183153985e-02
3.569394827279692012e-02
4.270060319687168232e-02
5.122415358926233481e-02
5.750900593062067967e-02
6.518987255123809277e-02
7.476895931106605775e-02
8.083753902130975943e-02
8.875818536412007076e-02
9.670258588674081335e-02
1.046591068760441695e-01
1.126225407925052630e-01
1.205926975613760277e-01
1.232968824350595960e-01
1.363358305560464778e-01
1.434497433356095031e-01
1.515733039180066632e-01
1.605854377076395278e-01
1.704216736379026431e-01
1.810276156796829516e-01
1.923514261343528819e-01
2.042522947641630948e-01
2.166262109944706860e-01
2.293311788853702737e-01
2.422206080711414855e-01
2.551550581765543169e-01
2.680110253001758980e-01
2.806859765618556768e-01
2.930999236275214637e-01
3.051943826232451085e-01
3.169296989642868545e-01
3.282815929755755757e-01
3.392375566421560462e-01
3.497935010135680978e-01
3.727355195523094356e-01
3.703534604137285191e-01
3.795453145846748311e-01
3.883868674839462409e-01
3.968801555933259562e-01
4.050255352690204091e-01
4.128214896091446651e-01
4.202645872403406591e-01
4.273495517043144343e-01
4.340694077636866877e-01
4.404156776836531395e-01
4.463786063093039824e-01
4.519473986112347852e-01
4.571104574300598467e-01
4.618556125373093901e-01
4.661703349565827215e-01
4.700419328449457756e-01
4.734577271902005724e-01
4.764052071874106398e-01
4.788721664576809367e-01
4.808468222944575765e-01
4.823179208926756112e-01
4.832748320555063093e-01
4.837076372016742565e-01
4.836072146310225195e-01
4.829653259633552853e-01
4.328884983343324611e-01
4.787875966148834594e-01
4.765458638143429959e-01
4.737921166965521902e-01
4.821428399864259862e-01
4.666405384302372839e-01
4.622394385238510206e-01
4.572708880633928330e-01
4.517476638912131248e-01
4.456768178836454375e-01
4.390536985711864237e-01
4.318815894821398937e-01
3.822550430772699293e-01
4.160794670983171128e-01
4.073262435425837880e-01
3.981042780022626126e-01
3.884428582038960132e-01
3.876871769781419785e-01
3.678883432252165742e-01
3.571452664969391733e-01
2.861689009036277875e-01
3.349845309925132963e-01
3.220872132752241046e-01
3.108650495728554897e-01
2.995015300096577349e-01
2.880392933801175226e-01
2.765263999523706606e-01
2.650128389402872653e-01
2.535461718493991490e-01
2.002136279258201201e-01
2.309844783171252636e-01
2.198737449696742952e-01
2.089506083726455354e-01
1.982347172970886084e-01
1.877385238294902170e-01
1.774674445200073170e-01
1.674213647322618792e-01
1.419668401088420850e-01
1.479847128392715871e-01
1.385795443139777594e-01
1.293721941996746061e-01
1.203551603813017012e-01
1.115230157948478018e-01
1.028733811893636912e-01
9.440775873875568991e-02
8.613218424868339385e-02
7.493511715043232879e-02
7.030450379601085875e-02
6.268135181773834552e-02
5.532042712647548821e-02
4.825201026970343809e-02
4.151098946075328089e-02
3.513570084016321565e-02
2.916673332331483348e-02
2.364583687755759944e-02
1.861470679488709881e-02
1.411373315127945408e-02
1.018086802800540445e-02
6.850591898338898554e-03
4.153003721802538475e-03
2.113044246812013222e-03
7.498585116137574920e-04
7.630661833840265398e-05
9.863040092636762195e-05
8.162893636599025289e-04
2.001836575434042757e-03
4.409453750309537401e-03
6.746652312510091273e-03
1.040114700228262669e-02
1.436292459439288648e-02
1.811049649837752351e-02
2.388231326729835582e-02
2.936179364972184638e-02
3.388028779580880279e-02
4.160994039784400578e-02
4.825099705537336248e-02
5.522750439635551456e-02
6.463444488278216604e-02
6.308050915989812935e-02
7.781023066869303950e-02
8.599850305460760014e-02
9.419487671955656394e-02
1.025815053899207935e-01
1.111503853002981379e-01
1.198985051110610517e-01
1.320754909495733542e-01
1.380042690423016194e-01
1.473263642374332549e-01
1.568585513640949336e-01
1.666069738608702833e-01
1.765334196097157748e-01
1.540918826332783320e-01
1.968810099484057941e-01
2.075262694531639918e-01
2.183795651441658159e-01
2.058674566714344678e-01
2.459696876670300902e-01
2.412999622269689504e-01
2.634844664152602434e-01
2.753602767425172848e-01
2.872760313506581009e-01
2.997302423055154263e-01
3.115498227822304234e-01
3.230790101157676175e-01
3.344533002414770140e-01
3.541374666158793039e-01
3.565123180867407204e-01
3.671761134705056051e-01
3.775281384187743616e-01
3.875356126888303554e-01
4.069717459600907805e-01
4.063606826176285880e-01
4.151545079404522776e-01
4.234792895031725957e-01
4.313101630975225143e-01
4.386251809141036850e-01
4.454051795005083969e-01
4.516336087781278597e-01
4.572963339889814516e-01
4.623814215644845294e-01
4.668789188309254157e-01
4.707806362869471628e-01
4.740799399815224802e-01
4.767715603418367643e-01
4.788514226860270950e-01
4.803165036268219334e-01
4.811647166363863248e-01
4.813948291969882831e-01
4.810064131950028687e-01
4.799998295097510637e-01
4.783762470820735468e-01
4.761376960964156524e-01
4.732871542498516271e-01
4.698286643880920099e-01
4.657674810406566834e-01
4.611102425677080507e-01
4.558651647280110852e-01
4.500422504874164176e-01
4.436535098164608448e-01
4.367131820926467012e-01
4.292379525607176172e-01
4.212471531623611098e-01
4.127629369928720870e-01
4.146721860447480923e-01
3.951180833735469800e-01
3.852032940887206713e-01
3.749296984842271918e-01
3.643326150424119891e-01
3.534505829764253426e-01
3.423250189227484697e-01
3.309991844690903795e-01
3.195173783144514834e-01
3.079242611420911491e-01
2.962642318229266047e-01
2.845807947919545833e-01
2.729158866161559005e-01
2.613091599816541044e-01
2.497972497608171305e-01
2.384130644533918875e-01
2.271851557010138578e-01
2.161372193939011532e-01
2.052877758396528807e-01
1.946500655017237569e-01
1.842321826900983062e-01
1.740374537481318151e-01
1.640650499647403893e-01
1.543108097060400530e-01
1.447682303499202849e-01
1.354295797330952733e-01
1.262870679412000374e-01
1.172096055690807631e-01
1.084871449638551838e-01
9.994434298429145935e-02
9.160979714585656963e-02
8.346453566291871240e-02
7.549458905769484973e-02
6.771976675645008381e-02
6.019296183565657488e-02
5.294062232805960694e-02
4.599398496702020167e-02
3.938794290368440726e-02
3.316027102598591986e-02
2.735070386715380067e-02
2.109157511756138553e-02
1.714932134033614330e-02
1.283593093146695799e-02
9.097134009647902045e-03
5.966053460333143807e-03
3.471390964538343706e-03
1.636620982677121838e-03
4.793346988271279894e-04
1.075205398348533165e-05
2.432992277020039698e-04
1.151676158908781231e-03
2.750144251709135679e-03
5.015367344341718076e-03
7.925804869948614717e-03
1.145452944858085277e-02
1.556997560141819802e-02
2.023681128705244817e-02
2.541690611847233910e-02
3.107036736617019290e-02
3.715661268033797204e-02
4.363544678443486563e-02
5.046810815216622864e-02
5.761825090885904638e-02
5.376572450543481985e-02
7.274346846627485763e-02
8.066186531998499609e-02
8.879233283864461368e-02
9.712067297335194582e-02
1.056378102181358691e-01
1.143394869771991451e-01
1.232257245676519342e-01
1.323000690719767503e-01
1.415686541236314822e-01
1.510391245541078120e-01
1.607194744417781984e-01
1.706168594047066389e-01
1.807364451913473224e-01
1.910803523876040133e-01
2.016467505025067164e-01
2.124291444134051576e-01
2.234158831248063970e-01
2.345899062491760556e-01
2.459287288625047752e-01
2.574046516533756712e-01
2.689851715908425644e-01
2.806335594009448653e-01
2.923095643404911015e-01
3.039702041342124406e-01
3.155705982572858947e-01
3.270648055468608484e-01
3.384066318308240340e-01
3.495503792368501728e-01
3.604515154754624473e-01
3.710672481327235706e-01
3.813569954187538413e-01
3.912827505717317855e-01
4.008093420042438404e-01
4.099045951964011558e-01
4.185394052727639536e-01
4.266877311999600075e-01
4.343265237076387453e-01
4.414355994932282479e-01
4.479974741584913378e-01
4.539971657797327587e-01
4.594219801603987019e-01
4.642612877658904291e-01
4.685063011882062423e-01
4.721498608055957891e-01
4.751862351439267718e-01
4.776109413487493183e-01
4.794205901617730192e-01
4.806127588715016774e-01
4.811858948735246999e-01
4.811392517217092935e-01
4.804728588613820794e-01
4.949860140719621326e-01
4.772394980975148693e-01
4.747223588773353820e-01
4.715970151356727591e-01
4.678669008010276631e-01
4.635370202065008383e-01
4.586140848628060263e-01
4.531066746338156537e-01
4.470254174157126115e-01
4.385734666646043389e-01
4.317129111904912664e-01
4.243215385660100702e-01
4.163980133878403267e-01
4.083758390140108663e-01
4.000871198206901180e-01
3.904611119937961838e-01
3.804190404884476573e-01
3.699952553194458815e-01
3.592406823571089314e-01
3.482099447932552883e-01
3.445414603111777718e-01
3.249470144802418248e-01
3.135217410415154227e-01
3.019785170560113086e-01
2.903651984108899242e-01
2.787285970956659975e-01
2.671137471259740215e-01
2.555629614959775697e-01
2.441148476930710964e-01
2.328034208069780231e-01
2.216574139438484137e-01
2.106998443646676544e-01
1.997255025942793472e-01
1.892541290113194663e-01
1.789813391730906977e-01
1.689142207961948083e-01
1.590559783149326778e-01
1.494060574909157335e-01
1.399608088993699040e-01
1.307148316704095925e-01
1.216624614571885366e-01
1.127991200459322607e-01
1.041221211320423334e-01
9.563172840579274581e-02
8.733249281599493596e-02
7.923395685127521126e-02
7.135096533665509499e-02
6.370372304555564635e-02
5.631748937861004445e-02
4.922203436356912404e-02
4.245101632448287227e-02
3.604120439810299531e-02
2.878952933103860745e-02
2.446080045009286358e-02
1.939334325823327890e-02
1.483511224455501785e-02
1.082804218549488807e-02
7.407959957097752166e-03
4.606653374563547329e-03
2.450971792963346600e-03
9.620959784880267658e-04
1.549646519994982846e-04
3.787481730136920500e-05
6.122734435111383891e-04
1.872747131417863047e-03
3.807207496354235877e-03
6.397262993554746202e-03
9.618762623857517180e-03
1.344249286959819586e-02
1.783500585710660891e-02
2.275955385397312666e-02
2.817710268559791773e-02
3.404739448014512671e-02
4.033002832860051873e-02
4.698552598813877934e-02
5.397634870408753172e-02
6.126783068966541040e-02
7.060232237321764637e-02
7.666956200527222376e-02
8.467053700733295774e-02
9.287293888664180375e-02
9.116716926775095264e-02
1.098142555552542865e-01
1.186085202712101605e-01
1.275889240640939171e-01
1.367603209136732945e-01
1.461292696784970424e-01
1.557034100629302309e-01
1.654903236891474838e-01
1.754963270305537615e-01
1.857253231588881781e-01
1.961777751037919459e-01
2.068498369580111518e-01
2.177327235287684071e-01
2.288123325767349447e-01
2.400690949107679439e-01
2.078704406645772162e-01
2.630409477743063107e-01
2.746467257773159143e-01
2.863022827937361514e-01
2.979660747499777718e-01
3.095941118228072164e-01
3.211408029828806687e-01
3.325597930144140180e-01
3.438047590093317174e-01
3.548301396518623863e-01
3.655917774567279399e-01
3.760474609562400872e-01
3.861573602170119690e-01
3.958843546985128525e-01
4.051942571574364549e-01
4.140559409752453957e-01
4.224413809497731820e-01
4.303256193184094025e-01
4.376866696856120398e-01
4.445053717496788570e-01
4.507652094082532090e-01
4.564521041092985398e-01
4.615541943313429818e-01
4.660616109326273238e-01
4.699662568919196204e-01
4.732615987421140424e-01
4.759424758198067540e-01
4.780049323508948067e-01
4.794460763800272307e-01
4.802639686342302650e-01
4.804575435822072138e-01
4.800265641971668829e-01
4.789716112336661058e-01
4.772941071654499545e-01
4.749963742773790631e-01
4.720817257356959007e-01
4.238384240645055590e-01
4.663790809913452851e-01
4.613782019410642143e-01
4.547371480368195273e-01
4.470783198354942312e-01
4.403424326053222426e-01
4.334758632061097572e-01
4.260998643262155494e-01
3.490418384342712788e-01
4.133481018431016674e-01
4.038772524754238313e-01
3.927967396384157706e-01
3.819084324820413712e-01
3.716588211889987892e-01
3.611073762848102109e-01
3.502970744090029287e-01
3.392547867845516207e-01
3.280085002430365160e-01
3.165951863127684507e-01
3.050582114049306681e-01
2.934447168921657800e-01
2.818014513745017435e-01
2.701732273763546299e-01
2.586020576435451579e-01
2.471263461025925423e-01
2.357801716469745401e-01
2.245927037168526097e-01
2.135877864890824984e-01
2.027837233155589669e-01
1.921932848558349505e-01
1.818239534680241021e-01
1.716784034934192571e-01
1.550702854620751026e-01
1.520484917177877537e-01
1.425535061932690639e-01
1.332616259645726109e-01
1.241652236689540223e-01
1.152579934855434973e-01
1.065360520066645500e-01
9.799890426048715741e-02
8.965023016956280566e-02
8.149845814255755883e-02
7.355710513430914477e-02
6.584487523994367320e-02
5.838552073165334533e-02
5.120747968069368217e-02
4.434331252154573300e-02
3.782896614368134319e-02
3.170289926942709835e-02
2.600510009000231437e-02
2.077603474202985995e-02
1.605556338859488036e-02
1.188185831371738922e-02
8.290358347471075626e-03
5.312792073408591047e-03
2.976299752232128542e-03
1.302680683944242241e-03
3.077887762865811065e-04
1.094412623457886744e-06
3.854254355310552348e-04
1.456894389922985420e-03
3.205013361715926355e-03
5.612992066969581598e-03
8.658209507351712769e-03
1.231284464339752090e-02
1.654464694669392430e-02
2.131782643974804159e-02
2.659403795302085413e-02
3.233342454868750465e-02
3.849569003600970124e-02
4.504116783614699193e-02
5.193185203097519520e-02
5.913235577520641745e-02
6.661076225537172768e-02
7.433933432715587875e-02
8.229505122393482308e-02
9.045994469721851949e-02
9.882121295156585938e-02
1.073710989334161620e-01
1.161065298269386981e-01
1.250285265817285274e-01
1.341414051979094857e-01
1.434518042972026675e-01
1.529675850227962819e-01
1.626966583392916443e-01
1.726458003187845425e-01
1.828195173014903196e-01
1.599964232868539560e-01
2.041511101653190885e-01
2.148432791348864612e-01
2.254391519748466799e-01
2.360729254710639269e-01
2.538027933175113215e-01
2.591853824086313152e-01
2.708301851897386703e-01
2.825555937551186836e-01
2.943090848812388582e-01
2.756359310413645791e-01
3.176490683030027129e-01
3.291937760037760841e-01
2.813735464972607070e-01
3.167038980210654109e-01
3.029947891107508395e-01
3.761909406669909361e-01
3.851315877710018154e-01
3.227927066092705632e-01
4.001969172001512143e-01
4.097210362114608317e-01
4.187276479078654301e-01
4.271496434471213632e-01
4.349721341263484420e-01
4.421854337245079147e-01
4.487822727977879844e-01
4.547573240860097732e-01
4.601068020579744955e-01
4.648281304461752694e-01
4.689196712749770790e-01
4.723805091636573139e-01
4.752102853140966476e-01
4.892572069941427126e-01
4.789824014384146400e-01
4.799167270968984766e-01
4.802238812101573551e-01
4.799048425175168608e-01
4.789610506656427624e-01
4.773944836380262235e-01
4.752077640667379810e-01
4.724042929708688332e-01
4.689884090913940540e-01
4.649655714692730313e-01
4.603425622432735231e-01
4.551277058311116175e-01
4.493310997125745665e-01
4.429648509748401741e-01
4.360433116370217577e-01
4.285833045846578759e-01
4.206043307720356283e-01
4.121287472643153649e-01
4.031819047833600789e-01
3.937922327989820115e-01
3.839912599934107718e-01
3.738135582530280332e-01
3.632965993410589567e-01
3.524805152012687182e-01
3.414077555345749193e-01
3.301226399345377205e-01
3.186708064592309597e-01
3.057879685789009483e-01
2.944536637949790037e-01
2.830269066208281337e-01
2.715646071539190576e-01
2.601089737159356652e-01
2.487036774997505861e-01
2.373912036946301818e-01
2.262092874548924104e-01
2.151893079126326047e-01
2.043558739993849571e-01
1.937270286460500146e-01
1.833147179665756410e-01
1.731254450411030821e-01
1.631606237912660018e-01
1.534169080974489563e-01
1.438877106385503812e-01
1.345648511526901236e-01
1.254400784365488630e-01
1.193976267185868634e-01
1.077616915115876539e-01
9.919995243497248261e-02
9.082670139644059837e-02
8.264955523877938470e-02
7.468116783670224190e-02
6.693935871558515105e-02
5.944700699393471593e-02
5.223172231916540370e-02
4.532531314870691386e-02
3.876307930365326115e-02
3.258296026998610401e-02
2.682457350146442640e-02
2.152817833044131518e-02
1.673360135593379705e-02
1.247915862226707182e-02
8.800608696679640755e-03
5.730168969819877077e-03
3.295625131713279983e-03
1.519560771923202753e-03
4.187303744840980527e-04
3.594623741795870359e-06
2.780319673129849557e-04
1.239234927592582037e-03
2.877793905035685301e-03
5.177965405155015091e-03
8.118115986113918353e-03
1.167132798126142672e-02
1.580614836632608655e-02
1.964082517211230422e-02
2.315144710174726200e-02
3.131395971282847912e-02
3.726648301058170520e-02
4.361222542998038215e-02
5.031549889260284597e-02
5.734179094265860754e-02
6.465872027847896497e-02
7.223689144715307597e-02
8.005062606968854633e-02
8.807855105520696892e-02
9.630402674196170132e-02
1.047154000063481305e-01
1.133060694602511520e-01
1.220743523228793176e-01
1.310231458156566053e-01
1.401789712203990179e-01
1.496242985106320533e-01
1.592570442350808302e-01
1.690859836509448488e-01
1.791195349710679174e-01
1.893636650662881837e-01
1.998209022794930068e-01
2.174346797207886706e-01
2.213544493403953595e-01
2.324245902033518218e-01
2.436690236802150356e-01
2.550638450073977603e-01
2.665796561981218504e-01
2.781820257666919316e-01
2.898321311999748073e-01
3.014875413865463760e-01
3.131030917234929878e-01
3.246318040021117790e-01
3.360258059416875165e-01
2.870608025409133179e-01
3.582937356458422706e-01
3.537630329866336409e-01
3.793648271114090087e-01
3.893645386832123578e-01
4.080519663952210663e-01
4.076135001050041895e-01
4.165406670192631777e-01
4.249374753032492125e-01
4.327835413478720028e-01
3.604315285943972547e-01
4.418297414464409933e-01
4.502300934997256476e-01
4.576904037380520318e-01
4.641193497978384208e-01
4.694599076828894768e-01
4.736645877527452808e-01
4.766959590582710016e-01
4.784289666999876900e-01
4.790276817189533798e-01
4.793124923470967746e-01
4.792249845325485813e-01
4.787106682926781653e-01
4.777237609583056543e-01
4.762266128846018853e-01
4.741890960481819350e-01
4.715879904674248890e-01
4.684063952759056071e-01
4.646331842810635382e-01
4.602625195579674866e-01
4.552934309282023473e-01
4.497294640366038543e-01
4.435783951789150081e-01
4.368520070661411903e-01
4.295659163403722780e-01
4.217394408778225023e-01
4.133954927234477217e-01
4.180229187807870117e-01
3.953367880737798656e-01
3.856007574549671357e-01
3.754743062027882661e-01
3.649964290770609243e-01
3.542086356300495620e-01
3.431545974533985466e-01
2.741909937979914447e-01
3.203421827166089142e-01
3.087819322694802526e-01
2.971379673028731183e-01
2.854569568462046458e-01
2.737838008263775436e-01
2.621608082650222493e-01
2.506269097683231917e-01
2.392169421464973855e-01
2.193671172060398522e-01
2.175901384660193227e-01
2.066070612079290159e-01
1.958694086434468185e-01
1.853652000515809417e-01
1.750521290051699486e-01
1.650284936085567034e-01
1.283020749685056805e-01
1.457321180863351828e-01
1.364303785226699262e-01
1.273284419505485987e-01
1.184171754900762985e-01
1.096910312792799130e-01
1.011487129056246187e-01
9.279363369238559367e-02
8.454290255277409349e-02
7.649191725456000457e-02
6.867465842916481433e-02
6.110826575668907440e-02
5.381590851755501531e-02
3.855751249796039726e-02
3.998229959723078458e-02
3.369265128749310279e-02
2.782658553258943873e-02
2.242904681115416229e-02
1.754550471755354085e-02
1.320984172933110934e-02
9.452328896417849097e-03
6.283490201447333723e-03
3.734252899290834045e-03
1.830474441524994637e-03
5.924115124610929194e-04
3.388605935583762147e-05
1.618950107309930604e-04
1.008913005510903103e-03
2.553428525231749967e-03
4.633655296929606315e-03
7.442005066664810625e-03
1.087104601588506463e-02
1.489021824417268228e-02
1.946499980522814477e-02
2.455788057769078478e-02
3.012940509323215263e-02
3.613925328295539835e-02
4.254732663928034037e-02
4.931480619080554767e-02
5.640514798151103487e-02
6.378498156944394093e-02
7.319424236863585065e-02
7.929950287694657873e-02
8.739070606470426827e-02
9.568226391882835025e-02
1.041645369862304882e-01
1.016469292450035006e-01
1.216893902404618116e-01
1.307303893841761933e-01
1.399662581697173891e-01
1.494044860815736953e-01
1.590530554222792381e-01
1.689192544814447638e-01
1.790085184902500681e-01
1.893233585600350433e-01
1.998624328465164190e-01
1.897194974948236690e-01
2.129196289007425913e-01
2.331511331813011512e-01
2.443620572144450664e-01
2.557003164564027320e-01
2.671349456206951190e-01
2.786407121707948908e-01
2.901871829209625164e-01
3.017378672600050660e-01
3.132521334146197156e-01
3.246870225589870707e-01
3.359986383220813222e-01
3.471430029183835142e-01
3.580764211499880556e-01
3.687553818675877171e-01
3.791339984141248731e-01
3.891655513735217120e-01
3.988069981163002709e-01
4.191113488471784332e-01
3.448794556233464870e-01
4.253735662565424902e-01
4.329629787271220276e-01
4.400504513142083907e-01
4.281146929953486002e-01
4.526078349241633436e-01
4.580858472356048039e-01
4.629859523525251541e-01
4.672944750316588847e-01
4.710001608279892338e-01
4.740941119196554476e-01
4.765695983097289479e-01
4.784217987934320515e-01
4.796475235390216807e-01
4.802449580190040201e-01
4.802134535776881874e-01
4.795533773506050479e-01
4.782660251470948753e-01
4.763535944808359734e-01
4.738191967614489020e-01
4.706669333463748273e-01
4.669020401266299469e-01
4.625310521226951854e-01
4.575619909208539782e-01
4.520045705858624085e-01
3.650589766385264889e-01
4.358549475612224500e-01
4.300045301461331571e-01
4.237651964517639147e-01
4.171360520306456321e-01
4.101178925808566800e-01
4.007728215212249534e-01
3.905983946549096419e-01
3.800851538648724048e-01
3.692960362884654679e-01
3.671061961245661864e-01
3.469926603592131675e-01
3.355856358692071439e-01
3.240404996646416014e-01
3.123954418786220044e-01
3.006894423290698004e-01
2.889616768728421325e-01
2.772507978899149683e-01
2.655941364282688455e-01
2.540268755853008487e-01
2.425812461954520716e-01
2.312857959787772144e-01
2.201647812496722034e-01
2.092377255530637747e-01
1.985191819172593963e-01
1.693796719081892277e-01
1.777470902777704698e-01
1.676917737785845741e-01
1.578576274429363546e-01
1.482386972777221257e-01
1.388274828400136440e-01
1.296160423935063533e-01
1.205971329730131658e-01
1.117653224665379891e-01
1.031180134847301533e-01
9.465632556861398872e-02
8.638579235178943383e-02
7.831684252799692159e-02
7.046504665325535599e-02
6.285112476904294865e-02
5.550072161070404575e-02
4.844396610523778179e-02
3.458469674169815933e-02
3.551076531637527289e-02
2.956192596535255762e-02
2.403874725101617232e-02
1.895143478617508995e-02
1.439178798549317628e-02
1.040910845545714447e-02
7.033549050010549572e-03
4.293840649896630592e-03
2.213462274630939759e-03
8.103936110693461294e-04
9.662832805328004041e-05
7.781333835147348878e-05
7.530619532762750480e-04
2.114947302904891975e-03
4.149678144612948746e-03
6.837452925174266997e-03
1.015298202426410425e-02
1.406616270465903609e-02
1.854288656878618630e-02
