7.980212736237195514e-01
9.662093642432749707e-01
9.665024920839457856e-01
9.984613117397740378e-01
9.664780390185289116e-01
9.661370457042325333e-01
9.654851589733625117e-01
9.645178929637721055e-01
9.632287039441553844e-01
9.616090166164276143e-01
9.596482608967676908e-01
9.573339209159562602e-01
9.546515983933944183e-01
9.515850929417438708e-01
9.481165022418421851e-01
9.442263453779750071e-01
9.398937129250133360e-01
9.350964476094726363e-01
9.298113594987255093e-01
9.240144796726954546e-01
9.176813561604583169e-01
9.107873955342852268e-01
8.272290480971121740e-01
9.110891758706761712e-01
9.032622834321233363e-01
8.947978742186143419e-01
8.856757542268670624e-01
8.758776919887383272e-01
8.653880326162072256e-01
8.541943456192002682e-01
8.422880948502817766e-01
8.296653150378442421e-01
8.163272751941191840e-01
8.022811049184291887e-01
7.875403555295802382e-01
7.721254644054107441e-01
7.560640883109008836e-01
7.393912703491112293e-01
7.221494059935366083e-01
7.043879769632190868e-01
6.861630279120266573e-01
6.675363702939376420e-01
6.485745103689680713e-01
6.293473138383037790e-01
6.099264373631464453e-01
