7.991374352182517571e-01
9.663113080788263698e-01
9.654312287400776960e-01
9.643091996140074063e-01
9.629366121681948165e-01
9.613031203825225246e-01
9.593966581759083567e-01
9.572034638714344013e-01
7.954591225539674459e-01
9.606392277736016672e-01
9.584663329140362675e-01
9.559722448615930457e-01
9.531406723936869385e-01
9.499537088938961871e-01
9.463919170616571508e-01
9.424344346225714819e-01
9.380591045856585541e-01
9.332426338164616642e-01
9.279607838388173047e-01
9.221885978128750994e-01
9.159006675262789665e-01
9.090714439368756672e-01
9.016755942711444094e-01
8.936884078607872928e-01
8.850862517367922289e-01
8.758470754435023764e-01
8.659509625390675591e-01
8.553807237804892383e-01
8.441225240402985275e-01
7.667667432348438394e-01
8.391570867307489578e-01
8.264179656070650415e-01
8.129649684743323057e-01
7.988047988239934671e-01
7.839505235553210216e-01
7.684220436254411979e-01
6.402825483524445804e-01
7.583180832263328730e-01
7.412693339015172800e-01
7.236396928453521227e-01
7.054803331727582671e-01
6.868490750038900305e-01
6.678096490767377880e-01
6.484306869620429792e-01
6.287844466146061961e-01
6.089452988885821760e-01
5.889880189268279498e-01
5.689859446539151655e-01
5.490090812894574679e-01
5.291222440047790299e-01
5.093833387481350172e-01
4.898418823120707644e-01
4.705378558971954339e-01
4.515009714905392491e-01
4.327504079869843312e-01
4.142950457376921580e-01
3.961341965190535164e-01
3.782587937290816105e-01
3.606529780458853085e-01
3.432959896692234780e-01
3.261642617912735576e-01
3.092336023286764157e-01
2.924813523227241530e-01
2.758884188556172123e-01
2.594410960702602242e-01
2.431326076253221280e-01
2.269643252118820898e-01
2.109466383316433435e-01
1.950994685683533625e-01
1.794524358638598382e-01
1.640446942896491289e-01
1.489244605540050448e-01
1.341482605874213807e-01
1.197799189655762570e-01
1.058893138596485456e-01
9.255091795921042974e-02
7.984214470228247207e-02
6.784152036653361140e-02
5.662670708450677493e-02
4.627241021482295796e-02
3.684821573023521618e-02
2.841641861097868663e-02
2.102991999349664021e-02
1.473028644116987362e-02
9.546075894056762004e-03
5.491538130760540218e-03
2.319228462588430670e-03
6.773642188706356605e-04
1.397433472430442485e-05
3.763575253016153725e-04
1.628117251303857387e-03
4.270327694159466864e-03
7.670667230143082480e-03
1.191564080794451502e-02
1.690779394366805771e-02
2.254813004217289321e-02
2.873909879351807181e-02
3.538726552874055242e-02
4.240556365845166154e-02
4.766346116653216031e-02
5.156568703067327536e-02
6.487281171267222923e-02
7.261490283740108798e-02
8.043217515480682867e-02
8.829743223545262476e-02
9.619210579001528927e-02
1.041051065355090705e-01
1.007122843549039942e-01
1.197841067659361630e-01
1.265929810512396725e-01
1.339903800677951784e-01
1.420886180704076796e-01
1.507872796071723087e-01
1.600383803049189313e-01
1.698143794869038936e-01
1.800870938011688016e-01
1.908153652931462441e-01
2.019403699045451694e-01
2.133869717941925259e-01
2.250689458653515884e-01
2.368957995088383228e-01
2.487793504759739927e-01
2.671659707209524948e-01
2.724545742128758330e-01
2.840557115315942571e-01
2.954610447400792261e-01
3.066372701244877153e-01
3.175608867671370072e-01
3.282164163066664253e-01
3.385946208109005262e-01
3.486908690087069385e-01
3.585037303229858807e-01
3.680338257842232230e-01
3.772829323576846750e-01
3.862533183702485107e-01
3.949472785087329019e-01
4.033668339219287358e-01
4.152886351553919941e-01
4.222248120525030624e-01
4.290520761829698104e-01
4.357503546504387648e-01
4.423006752780195283e-01
4.486853403535491225e-01
4.548880644031426113e-01
4.608940743078132063e-01
4.666901716082850760e-01
4.722647582112108888e-01
4.776078278570713431e-01
4.827109266031682222e-01
4.875670862046817544e-01
4.921707346523179760e-01
4.965175882706921451e-01
5.006045297308657771e-01
5.044294761220637913e-01
5.079912409015294728e-01
5.112893931359747679e-01
5.143241169977093019e-01
5.170960740128065503e-01
5.196062701014975138e-01
5.218559290207224199e-01
5.238463734284380946e-01
5.255789144472885477e-01
5.401396678386624073e-01
5.282853402443624669e-01
5.292458698974126241e-01
5.299532566999818339e-01
5.304070568186619594e-01
4.382408753362535547e-01
5.300586056880969288e-01
5.297153425124745407e-01
5.294013710193499200e-01
5.289978056687704155e-01
5.285031592921187737e-01
5.277797139122776260e-01
5.261292046083491103e-01
5.240976435194949490e-01
5.217329442923206440e-01
5.190513244658763181e-01
5.160617496695092399e-01
5.127682367366949157e-01
5.091710488151539593e-01
5.052676565919719254e-01
5.010535202068533422e-01
4.965227353248434783e-01
4.916685775774482514e-01
4.864839719794867290e-01
4.809619077283809330e-01
4.750958137217590194e-01
4.688799059392761426e-01
4.623095143126197959e-01
4.553813936811070273e-01
4.480940207661694985e-01
4.404478767010541196e-01
4.324457124623506399e-01
4.240927925410503674e-01
4.153971103683577470e-01
4.063695674116097334e-01
3.970241065435819450e-01
3.873777893554449236e-01
3.774508066426827679e-01
3.672664114720933237e-01
3.568507651688206939e-01
3.462326883683736756e-01
3.354433120563603543e-01
3.245156273177212114e-01
3.134839373175493660e-01
3.023832207253290272e-01
2.912484221512790517e-01
2.801136918430345846e-01
2.690116034269907641e-01
2.579723842995817473e-01
2.470231977379633015e-01
2.361875182512291338e-01
2.254846415365241996e-01
2.149293671892398283e-01
2.045318858262756556e-01
1.942978926079672319e-01
1.887439631773250581e-01
1.669383149334189853e-01
1.644416655878314926e-01
1.548729733628218252e-01
1.454251905072062034e-01
1.360699094650709429e-01
1.268789783093298151e-01
1.178205396576559039e-01
1.088965892712309841e-01
1.001118675561157995e-01
9.147672347938524962e-02
8.300807256349851393e-02
7.472888324712405328e-02
6.666780867657050302e-02
5.885879924696876819e-02
5.134051523794600641e-02
4.415555654318331635e-02
3.734953443612556989e-02
3.199571589552261536e-02
2.506814437101349824e-02
1.968678263455678548e-02
1.487421770576976762e-02
1.067406671344138525e-02
7.125958393158567279e-03
4.373236828579971959e-03
2.123108582542466375e-03
7.130404511457911522e-04
5.261276965169981161e-05
1.493025923121586859e-04
1.002505538359096341e-03
2.603586773563365889e-03
4.936152961979675680e-03
7.976534329268364712e-03
1.169445966330037202e-02
1.538118015160872508e-02
2.094534116610404992e-02
2.640456856431402238e-02
3.238036458796289541e-02
3.882947397667878969e-02
4.570421486076244044e-02
5.295666379186518558e-02
6.055912264007790730e-02
6.844285018499969564e-02
7.656656817150561678e-02
8.489756038513755765e-02
9.340887482728377211e-02
1.020796010646131957e-01
1.108945831755873274e-01
1.198441593649301751e-01
1.289237339603838961e-01
1.381331234129044849e-01
1.474757016671326970e-01
1.569573841667231962e-01
1.665855016430515256e-01
1.763676234203108428e-01
1.863103942247479328e-01
1.964184478334217165e-01
2.066934553171252686e-01
2.171333556688463118e-01
2.277318032947281412e-01
2.384778515407692534e-01
2.493558756317234282e-01
2.603457235400618019e-01
2.714230705795238618e-01
2.825599437772201017e-01
3.002879464367852469e-01
3.043696516633287441e-01
3.156648759290259232e-01
3.268752936750915494e-01
3.379644078180801259e-01
3.488942662421686824e-01
3.596275310157961425e-01
3.701293189537632755e-01
3.803685846255708825e-01
3.903189022004484032e-01
3.999586433063340163e-01
4.092706794127808356e-01
4.182418070238798635e-01
4.268620897098052702e-01
4.351242557257444799e-01
4.430232193546801422e-01
4.505557357328157098e-01
4.577201642900314837e-01
4.645163035789011130e-01
4.709451955614664120e-01
3.943540491307983009e-01
4.828196841300703146e-01
4.881238529763481382e-01
4.930843908579338741e-01
4.977057042086238670e-01
5.019929118363106735e-01
5.059516486070246843e-01
5.095878835836066267e-01
5.129077535192170245e-01
5.159174120534983921e-01
5.186228945271867952e-01
5.210299980075834281e-01
5.231441758894161964e-01
5.249704462897322177e-01
5.265133133785454556e-01
5.277767007668971999e-01
5.287638960999405668e-01
5.294775060651057963e-01
5.299194211162312484e-01
5.300907893268625992e-01
5.299919989140329246e-01
4.381003526805767323e-01
5.299817727112176025e-01
5.290985152488225651e-01
5.273328513412769425e-01
5.247089472406050170e-01
4.341330837961988043e-01
5.223260191466964075e-01
5.184982030883114046e-01
5.142356243159954543e-01
5.114745601922429108e-01
5.084647971579681069e-01
5.051367751077747714e-01
5.014757129198449404e-01
4.974691599964373157e-01
4.931062124219298681e-01
4.883775209308618970e-01
4.832752929094819017e-01
4.777933064814202657e-01
4.719269472115141251e-01
4.656732724503948040e-01
4.590311042389876306e-01
4.520011485653890881e-01
4.445861363096466068e-01
4.367909792129565649e-01
4.286229325301935122e-01
4.200917545935196618e-01
4.112098523069742106e-01
4.019924006286910156e-01
3.924574234381330573e-01
3.826258229212967099e-01
3.725213448516570547e-01
3.621704680266511489e-01
3.516022077671386303e-01
3.408478259130814370e-01
3.299404432298019829e-01
3.189145545953795402e-01
3.078054527107522143e-01
2.966485721986925062e-01
2.854787725583542990e-01
2.743295851184008316e-01
2.632324553690851832e-01
2.522160172482704743e-01
2.413054394608920294e-01
2.209819166800053025e-01
2.256603717039243062e-01
2.151985442211468702e-01
1.995719547099228386e-01
1.893524640833792738e-01
1.793121906182797987e-01
1.399552568393913343e-01
1.531526722006538999e-01
1.502335645556251154e-01
1.408638660908023144e-01
1.316356289094462451e-01
1.225057012888366714e-01
1.135037101081967925e-01
1.046394712004929672e-01
9.592146511571009171e-02
8.736306334334680013e-02
7.898305367096378204e-02
7.080609933267299760e-02
6.286266991585821862e-02
5.518858207736537097e-02
4.782430084751525950e-02
4.081404408078583013e-02
3.420473177502642709e-02
2.804482206990283402e-02
2.238307520138196893e-02
1.726728584259914351e-02
1.274302322537466427e-02
8.852417163644515918e-03
5.633026419911492041e-03
3.116823540346464090e-03
1.329327115806434260e-03
2.889082574437542954e-04
6.292871102467148750e-06
4.842751687320682964e-04
1.717650986307596613e-03
3.326789805952569141e-03
6.389557146035646819e-03
9.780295597290551701e-03
1.326992261310936880e-02
1.855652689255336482e-02
2.385007361498316450e-02
2.967386885879681052e-02
3.597838792677997277e-02
4.271442329842738833e-02
4.983393579889392605e-02
5.727812668025774462e-02
6.506678804348206557e-02
7.549259332519966947e-02
8.131447389471886666e-02
8.974273225341743154e-02
9.833796643896419720e-02
1.097316216543028772e-01
1.159630967028375120e-01
1.249809600172127055e-01
1.341288400452816110e-01
1.434089595756699309e-01
1.528263615552153953e-01
1.623878990526205768e-01
1.721011630546074311e-01
1.819732979706728260e-01
1.920098644655854336e-01
2.022138196828842105e-01
2.125846665423087589e-01
2.231178112809060476e-01
2.338041535335093901e-01
2.446299174635808704e-01
2.555767172026817691e-01
2.666218363945716541e-01
2.777386909128939374e-01
2.888974363913645593e-01
3.000656782430482505e-01
3.112092411736306352e-01
3.222929573663363412e-01
3.332814369135935761e-01
3.441397899956569195e-01
3.548342770687902825e-01
3.653328703056331062e-01
3.756057162204773925e-01
3.984862273527658427e-01
3.954504496755879561e-01
4.048710867642394406e-01
4.139777211261587153e-01
4.227544799309647661e-01
4.311884219804005824e-01
4.392694255599693398e-01
4.469900295561969883e-01
4.543452390045558120e-01
4.613323053687478081e-01
4.679504907479497544e-01
4.742008239752662502e-01
4.800858552970803661e-01
4.856094150771794182e-01
4.907763808001456285e-01
4.955924555875443338e-01
5.000639605061576454e-01
5.061950984917659158e-01
5.094171431626066671e-01
5.124251483284548714e-01
5.152163828611241447e-01
4.277746259985505950e-01
5.200187908757606392e-01
5.221852672857156819e-01
5.241006145755552348e-01
5.257603302019036029e-01
5.271610217801511178e-01
5.282997187634573821e-01
5.291732934863878635e-01
5.297781508241619086e-01
5.301101647700773301e-01
4.377357240784714443e-01
5.294361253344084250e-01
5.291398081067105741e-01
5.287527810077529145e-01
5.282736429372426601e-01
5.275698182579571238e-01
5.259566751136648399e-01
5.239494383641459807e-01
5.216001624645979495e-01
5.189274732792859002e-01
5.159420634819709139e-01
5.126492142604034408e-01
5.090501041714166064e-01
4.515254856178374521e-01
4.977338448605821419e-01
4.938306649770141665e-01
4.895231503962056974e-01
4.848274261021928155e-01
4.797558397235791028e-01
4.742866914543739099e-01
4.684036817669688380e-01
4.621017635457584927e-01
4.553821617508119757e-01
4.482491599036860230e-01
4.407084624152582952e-01
4.327667563325882094e-01
4.244321021082314016e-01
4.157148358069022720e-01
4.066286900381648750e-01
3.971930142439799027e-01
3.874370906806021697e-01
3.773929890865447279e-01
3.670926886776593734e-01
3.565681197297618232e-01
3.458514586982081584e-01
3.183716572163314273e-01
3.218168025660858578e-01
3.114973217294902952e-01
3.019296479385281118e-01
2.914055840410013642e-01
2.800530531976360704e-01
2.687490859396420295e-01
2.575433145985108196e-01
2.464708821473892142e-01
2.355484361302539464e-01
2.247867359050992608e-01
2.053525238052176516e-01
2.037813319951209401e-01
1.935344188189255243e-01
1.652741146793607618e-01
1.735627438616999807e-01
1.638194268839816004e-01
1.542311961154734512e-01
1.447896545027560766e-01
1.354873148321334986e-01
1.263186590729468983e-01
1.172811673095584817e-01
1.083762534714449721e-01
9.961005248995405403e-02
9.099401432216133734e-02
8.254527324815258416e-02
7.613035930912083471e-02
6.624905035444876578e-02
5.846235002830783151e-02
5.096711248610790584e-02
4.380603618209322897e-02
3.702485566513376986e-02
3.067126606955700857e-02
2.479375437719153960e-02
1.944037614456966406e-02
1.502150386094920805e-02
1.048962008181187830e-02
6.974366675575103744e-03
4.146750250093443613e-03
2.035164797641519571e-03
6.611971235524566554e-04
3.904007373969200443e-05
1.751087011367700530e-04
1.067871389456210305e-03
2.701225484109953320e-03
5.049232813435765646e-03
7.764628140532406006e-03
1.182383858682324075e-02
1.618817556935132559e-02
2.115273351945086422e-02
2.403148384885180414e-02
3.262091033836379134e-02
3.902988517574691035e-02
4.585829515197382966e-02
5.306023396343649556e-02
6.059090321968481352e-02
6.840775308895437334e-02
7.647150457990120609e-02
8.138989169799631940e-02
9.333919580359566204e-02
1.019446801092530747e-01
1.106971499231900607e-01
1.195851208135861599e-01
1.286029683513600919e-01
1.377506847368819842e-01
1.324154456937229607e-01
1.564141071711139530e-01
1.659671549081724595e-01
1.756564762056861129e-01
1.854909353040836428e-01
1.954779356701880355e-01
2.056224681970218737e-01
2.159262544883690516e-01
2.263870396848178812e-01
2.369980784165692522e-01
2.477478431520704627e-01
2.586199677304749645e-01
2.695934220309496587e-01
2.806428982709761044e-01
2.917393767468711707e-01
3.028508298658831865e-01
3.139430184701474946e-01
3.249803336155011046e-01
3.359266396343926764e-01
3.467460797036818199e-01
3.574038123503217590e-01
3.678666554579763104e-01
3.781036225826245323e-01
3.880863441039920092e-01
3.977893724795111829e-01
4.071903763623358485e-01
4.162702324929111186e-01
4.250130271035863494e-01
4.334059802095910352e-01
4.414393067761437917e-01
4.491060285554209774e-01
4.564017495855257622e-01
4.633244071287101473e-01
4.698740083650955190e-01
4.760523615881814274e-01
4.818628090758925175e-01
4.873099673130315002e-01
4.923994788696527403e-01
4.971377790256526485e-01
5.015318791887544148e-01
5.055891682824645850e-01
5.093172325751635920e-01
5.127236938681878353e-01
5.158160655432697528e-01
5.186016256703311900e-01
5.210873061776637449e-01
5.232795969711311335e-01
4.340873054334941639e-01
5.268386911127865835e-01
5.281625907499351014e-01
5.292196159924852372e-01
5.300116169765004548e-01
5.305399405422565051e-01
5.308053683136142453e-01
5.308080678120788987e-01
5.305475557611206705e-01
5.300226728868872028e-01
5.292315696885553367e-01
5.281717028282381099e-01
5.061692721489655655e-01
5.264641030387813281e-01
5.245535948565174245e-01
5.222745096631364881e-01
5.188786568916875508e-01
5.157642691897148524e-01
5.126030510107199012e-01
4.585322001322696961e-01
5.053102209375368581e-01
5.013183624556302176e-01
4.970140819773288809e-01
4.923780286107684034e-01
4.873955953983114542e-01
4.820580516074403077e-01
4.763592537961569562e-01
4.702942697530498872e-01
3.832065916498662017e-01
4.569036656937673913e-01
4.497513282398213907e-01
4.422249300444024422e-01
4.343286699069275891e-01
4.260691705250573835e-01
4.174556577009894132e-01
4.085001166700412134e-01
3.992174141991716163e-01
3.508805971687974368e-01
3.796516523274577892e-01
3.695245970072577046e-01
3.591555993393263368e-01
3.485742899780470139e-01
3.378124945645681332e-01
3.269038121063799207e-01
3.158830975986124390e-01
3.047858562272391381e-01
2.936475627784891351e-01
2.902200246122080829e-01
2.719337122016265984e-01
2.607653159538320109e-01
2.497120831421897336e-01
2.387901239976116530e-01
2.280138363996288275e-01
2.173948843444729884e-01
2.069412546034147538e-01
1.966569996581676583e-01
1.865424321464878854e-01
1.765946243603898902e-01
1.668081242026313582e-01
1.571758320508451212e-01
1.476899968064808999e-01
1.383432898401454059e-01
1.291299092394135872e-01
1.200466598559435522e-01
1.110939513960896713e-01
1.022766590923782082e-01
9.360479919268159532e-02
8.509398320105723834e-02
7.676562859674414263e-02
6.864691782561815891e-02
6.077051029166508078e-02
5.317402299690301981e-02
4.589930402126433245e-02
3.899152924361182215e-02
3.249815689407588304e-02
2.646777712981968067e-02
2.094889526584828299e-02
1.598868789042446129e-02
1.160506459118558140e-02
7.873062105616340442e-03
4.840056305157020011e-03
2.408717935425065421e-03
9.316543801436672715e-04
1.201613004656173020e-04
7.215389091346742837e-05
7.719451277790086293e-04
2.100925637022217542e-03
4.313582114919467872e-03
7.132769281423680975e-03
1.062733654748538453e-02
1.476777195033604669e-02
1.951811952780075840e-02
2.483731492883353015e-02
3.068059419403705232e-02
3.700092992300930972e-02
4.375045263133472973e-02
4.583636410613491780e-02
5.834823322267877060e-02
6.610783438477718654e-02
6.677338817871689147e-02
8.235896402036387010e-02
9.078645941871130165e-02
9.938421440013184283e-02
1.081351939024380038e-01
1.170280386280930091e-01
1.291806025817254788e-01
1.352188315480029601e-01
1.445188795536314075e-01
1.539605449005479465e-01
1.635506230252994908e-01
1.732963937120629017e-01
1.832044538907448006e-01
1.996787412411822338e-01
2.035317320483231440e-01
2.139415997239587919e-01
2.302590791730394215e-01
2.353775254553512331e-01
2.462008621798829622e-01
2.571406592038522620e-01
2.681749681620809733e-01
2.792779562808432314e-01
2.904204738934769159e-01
3.015707321846738398e-01
3.126950497720464295e-01
3.237586276493316650e-01
3.347263154186390643e-01
3.455633369748629669e-01
3.562359501785613003e-01
3.667120219063954023e-01
3.769615066357501210e-01
3.869568229628356226e-01
3.966731278679918038e-01
4.162149155176461113e-01
4.152266285907711962e-01
4.239746097937466263e-01
4.323759238329805132e-01
4.404201678118412899e-01
4.480995965233817713e-01
4.554089270451321947e-01
4.623451174244708195e-01
4.689071288302645857e-01
4.750956792972122478e-01
4.809129958946705696e-01
4.662167405459711755e-01
4.914126371283357719e-01
4.961520229429424167e-01
5.005369078538773886e-01
5.045740817409812840e-01
5.082704916644069648e-01
5.116330869340638410e-01
5.146686808053969608e-01
5.173838281272044037e-01
5.197847181132220218e-01
5.218770813228784666e-01
5.236661099064029434e-01
5.251563901850697658e-01
5.263518466897444403e-01
5.405476924283066920e-01
5.279658661685233678e-01
5.282160384869613035e-01
5.282127236584935881e-01
5.279496161016405953e-01
5.274201996365980305e-01
5.266171712573060049e-01
5.255325162428732266e-01
5.241579058826032478e-01
5.224851434829124175e-01
5.205065267458618417e-01
5.182150084445518168e-01
5.275465679926217843e-01
5.119917198975921790e-01
5.088812553065903410e-01
5.054347527852547373e-01
5.016384288245708811e-01
4.974809356573017260e-01
5.089771184035635221e-01
4.878338424750554014e-01
4.825907612706014094e-01
4.769537350764086470e-01
4.709174397191827066e-01
4.644786006165642078e-01
4.576386613721264984e-01
4.504038536394069925e-01
4.245524852375014424e-01
4.348381736963445876e-01
4.264605379515608585e-01
4.177320690319968888e-01
4.086669472944281511e-01
3.992811826471689973e-01
3.895929844690209642e-01
3.796228541863674311e-01
3.693940415294773016e-01
3.589326520958002198e-01
3.482674276386036327e-01
3.374294219170105857e-01
3.264515741846562014e-01
3.153681831771948385e-01
3.042142899925032729e-01
2.930249844963734862e-01
2.818346565066242038e-01
2.706762195638862112e-01
2.595803410335545403e-01
2.485747169702244019e-01
2.376834329594328943e-01
2.269264524251380089e-01
2.163192711799017676e-01
2.058727710418317702e-01
1.955932961875812837e-01
1.854829639414083409e-01
1.755402076622463448e-01
1.657605343478270044e-01
1.561374648136620302e-01
1.321179156320904380e-01
1.373310435980490407e-01
1.281357679740138811e-01
1.190738993845738836e-01
1.101458171513030604e-01
1.013564114258552334e-01
9.271574005731660073e-02
8.423945976087852949e-02
7.594901294242503709e-02
6.787156471819984216e-02
6.003969663769809229e-02
5.249087372083449665e-02
4.526670936808930429e-02
3.841205852560242856e-02
3.197397344473802000e-02
2.600055883782278338e-02
2.053976456885799745e-02
1.563815451538903833e-02
1.133969005066674980e-02
7.684565745405539348e-03
4.708133294828674258e-03
2.439947208282125524e-03
9.029623340023470394e-04
1.129087715846155735e-04
7.786418901734512284e-05
7.980371626123774782e-04
2.340095076604104506e-03
4.463139157877045286e-03
7.370341965113223585e-03
1.095796041574335737e-02
1.519124658557101555e-02
2.003052476437305884e-02
2.291137340066709549e-02
3.126846725485937090e-02
3.757773676755125219e-02
4.542388216945728724e-02
5.143207218820101956e-02
5.887680334449099662e-02
6.833370587504655758e-02
7.465011818480844774e-02
8.284231088380693275e-02
9.122743994906991338e-02
9.978115983267814293e-02
1.084847850946365350e-01
1.202742586540083564e-01
1.263404920199637793e-01
1.354472142362457276e-01
1.197121759364861565e-01
1.594199718255533416e-01
1.639465588658848838e-01
1.737573093077689479e-01
1.762293637150596781e-01
1.938569428755067547e-01
1.686176735869235055e-01
2.143313915224661081e-01
2.247940643755078904e-01
2.354087968741497561e-01
2.461643300942588375e-01
2.570446754419341562e-01
2.680292575978972525e-01
2.790932613033879628e-01
2.902081533435991734e-01
3.013423422767602666e-01
3.124619333474155103e-01
3.235315345967801903e-01
3.345150720509727504e-01
3.453765763752994489e-01
3.560809097361589126e-01
3.665944089943920514e-01
3.768854290165989385e-01
3.869247772165297361e-01
3.966860369719652502e-01
4.061457830157793603e-01
4.152836961382038727e-01
4.240825875517778565e-01
4.325283451459133177e-01
4.406098147407326304e-01
3.654012259150723474e-01
4.513336623152392479e-01
4.600980980597317860e-01
4.694369402468929198e-01
4.780599601551343558e-01
4.854108221157225067e-01
4.898513286675221234e-01
4.940236363932229979e-01
4.980016294222603945e-01
5.017670484781623363e-01
5.053006690579662230e-01
5.085868884284551195e-01
5.116132382570797166e-01
5.143699202602665110e-01
5.168493694347245926e-01
5.190458484395183980e-01
5.209550756099629032e-01
5.225738880263361974e-01
5.238999401098344277e-01
5.249314374211636602e-01
5.256669047138055051e-01
5.041311538054683572e-01
5.046681436579274482e-01
5.265246874290570034e-01
5.262166892571965571e-01
5.255177018877691397e-01
5.244399291039135713e-01
5.229984709183498337e-01
5.212077184878641800e-01
5.190785074433893476e-01
5.166182564439266711e-01
5.138319405267829376e-01
5.107230151067132518e-01
5.072938584509177895e-01
5.035455065277956166e-01
4.126409204479373760e-01
4.949174726266155067e-01
4.901949795936256238e-01
4.851139354677512228e-01
4.796632801922033340e-01
4.738357723952069667e-01
4.676275544323740263e-01
4.610363791996969773e-01
3.803632472275357834e-01
4.516070648766017381e-01
4.413543056598221992e-01
4.305125787116749758e-01
4.191504105583623296e-01
4.215024075097631995e-01
4.024977229215205843e-01
3.801868862787757264e-01
3.480082373250006911e-01
3.759841648304485529e-01
3.654288610724502617e-01
3.546874516988053894e-01
3.295119932123837247e-01
3.327131373234953338e-01
3.216157603079509153e-01
3.104523148988403980e-01
2.992512038501878302e-01
2.880410951183236534e-01
2.768508848132215650e-01
2.218535506653135092e-01
2.565275251290925485e-01
2.448088065753944720e-01
2.333494817544482236e-01
2.221557678332095331e-01
2.112265138738201042e-01
2.008841191279346905e-01
1.907521639903329569e-01
1.807556039379354385e-01
1.709041007485437025e-01
1.612014406028170754e-01
1.516466881423776669e-01
1.422361344120127991e-01
1.329651693197342055e-01
1.238300128217998397e-01
1.148292475046148314e-01
1.059651064359685979e-01
9.724448309026315074e-02
8.867964377087271532e-02
8.028863625796313352e-02
7.381769701706525355e-02
6.406791468207211071e-02
5.636603663597197778e-02
4.896710813723283845e-02
4.191521291311153113e-02
3.525674434573274757e-02
2.903940486252184344e-02
