1.396779520534403218e+02 1.395597847393573261e+02 1.416868143787953898e+02
1.404594056599262331e+02 1.333901972186503997e+02 1.406498432647666164e+02
1.412089433799560823e+02 1.420963932843859538e+02 1.262789614201696935e+02
1.471892207233146337e+02 1.480699049999447823e+02 1.350370102186010399e+02
1.507293405138328808e+02 1.518157853208461461e+02 1.420190007306999007e+02
1.529845471953996707e+02 1.541318077568858200e+02 1.464373266488394449e+02
1.539427634668720657e+02 1.548118344551974985e+02 1.482492835979765573e+02
1.482905738005781870e+02 1.475392743876029726e+02 1.546204002819907259e+02
1.374663605616553355e+02 1.324596807257115927e+02 1.503364377558250169e+02
1.386490422814466115e+02 1.377194399600798533e+02 1.437689566369593308e+02
